2000 10 20 50.500 2000
12.980 44.511 998.473
4.981 155.971 993.874
26.661 85.021 970.628
20.331 199.491 975.389
13.244 194.936 990.808
157.162 113.813 995.671
109.121 51.965 1003.132
138.586 143.582 1058.345
146.705 137.272 955.123
193.842 122.186 950.964
168.963 139.266 995.809
119.966 165.913 970.199
45.074 81.301 1015.047
121.713 55.659 1068.836
61.043 82.355 996.599
172.092 22.519 1026.237
109.116 144.991 974.792
198.813 15.816 972.165
193.690 27.765 1022.745
19.717 20.492 979.000
21.651 51.252 980.480
69.006 6.492 1021.093
31.540 182.124 985.635
125.005 25.030 1058.398
121.379 79.796 1018.598
191.797 55.228 1062.308
143.363 34.613 975.419
51.398 74.565 1011.062
130.149 147.799 961.765
196.883 113.136 976.446
72.734 27.694 952.363
199.881 19.669 1004.414
1.517 117.041 1062.014
158.336 171.198 1055.000
91.302 191.090 1010.638
152.520 114.438 1094.285
58.651 61.216 946.855
92.470 156.719 963.887
155.653 142.674 1006.126
184.932 60.602 1074.372
47.829 87.983 1027.296
38.850 111.882 935.720
80.200 102.789 1007.124
17.323 159.126 985.553
113.821 12.946 1010.585
79.172 69.930 976.150
69.522 17.786 1119.065
75.276 72.663 1001.631
47.471 5.755 978.416
169.212 1.321 888.251
70.679 126.379 995.747
181.974 19.825 1052.796
8.870 119.605 906.059
152.377 64.043 1048.850
10.708 26.995 1030.285
162.414 34.239 1016.115
140.736 160.358 972.430
13.790 26.609 1072.245
2.150 185.410 1003.136
117.632 198.331 975.602
4.176 112.437 859.772
143.706 60.072 990.979
98.997 13.176 958.379
6.466 176.011 989.473
95.471 188.153 949.722
86.755 115.259 934.482
45.100 176.393 937.549
126.168 64.451 936.510
96.171 118.580 996.296
76.049 173.245 938.382
140.394 138.925 1082.492
11.095 187.920 992.337
57.291 101.183 1090.496
139.256 103.575 869.595
150.227 21.421 1029.043
148.407 151.044 947.016
159.509 28.338 996.993
71.276 106.210 983.960
150.894 64.689 1041.209
79.159 143.550 965.471
144.476 62.868 1025.387
135.212 38.970 1002.888
182.172 147.182 1040.744
140.278 63.136 931.807
153.652 184.610 1054.480
178.420 175.647 1083.222
116.827 120.120 992.181
135.401 47.059 994.993
197.538 131.695 1000.846
128.114 55.737 1068.372
120.849 42.006 940.282
111.616 17.026 993.878
68.653 120.481 990.496
95.599 122.480 939.698
23.962 66.273 1031.257
113.868 82.930 1011.085
134.569 81.575 1059.889
24.881 185.607 996.441
172.058 158.970 1024.270
9.260 129.393 1052.131
120.971 179.534 957.966
144.152 129.294 972.038
118.057 83.421 998.142
56.885 60.198 954.547
7.876 163.020 1030.396
100.202 112.925 1003.307
61.830 111.116 1076.251
98.473 193.034 922.814
75.239 2.655 878.559
92.751 146.170 936.036
90.940 141.579 970.105
149.486 62.031 940.354
51.114 96.337 1006.857
179.120 76.057 1019.236
95.733 107.437 1014.946
186.495 142.063 1087.838
27.713 95.317 902.693
152.890 89.094 1021.801
112.939 136.229 992.659
45.899 58.612 1033.866
147.394 191.766 988.576
178.969 100.437 1021.506
172.531 189.909 1066.695
56.375 9.269 1065.787
115.675 31.486 1031.704
152.251 132.618 979.515
9.418 162.981 1006.935
111.917 21.249 970.074
16.766 53.227 1011.756
47.922 102.213 946.535
154.281 25.836 994.540
153.769 56.587 1005.137
46.101 192.928 960.334
123.494 159.171 936.658
140.381 103.608 1014.739
94.107 36.839 987.193
110.242 2.983 990.728
155.663 42.124 1013.323
25.671 188.908 983.465
88.196 121.903 994.001
14.272 197.318 897.142
24.483 170.773 983.990
102.599 44.431 991.507
114.314 14.986 1012.254
9.114 153.209 954.983
61.223 186.783 909.374
19.825 116.377 958.741
146.116 105.295 941.708
48.964 53.193 922.465
108.659 125.433 979.278
118.950 11.195 960.088
162.235 141.656 1014.921
163.743 170.366 965.929
156.021 83.195 1080.976
124.311 81.540 1045.557
26.844 39.507 924.062
71.306 48.958 1032.545
145.831 26.530 1019.513
81.544 20.780 1029.325
103.724 99.960 965.801
151.149 170.495 1031.641
35.703 110.610 1011.618
72.626 72.358 940.857
28.981 7.219 966.164
68.617 145.941 940.059
126.884 13.209 921.785
91.323 141.342 962.874
130.059 105.881 1007.579
73.257 98.017 1003.871
23.798 15.711 1093.371
170.235 49.501 1104.988
185.737 198.459 908.948
155.336 149.626 1054.887
185.071 17.258 1013.873
108.453 128.897 963.216
116.008 190.056 960.348
178.195 55.636 1102.841
166.190 148.543 1007.504
99.411 23.508 1064.194
196.944 41.044 1045.639
147.276 99.676 1008.362
177.739 187.787 1010.209
134.299 146.533 971.426
185.983 73.760 956.142
87.729 125.221 1046.345
188.370 193.015 930.651
31.799 109.156 1010.218
136.523 78.602 921.399
32.755 86.244 1041.453
92.923 93.597 1045.275
147.840 11.021 1013.424
86.753 150.418 1107.952
59.812 152.352 1060.115
196.403 89.077 954.717
13.582 35.655 1011.211
81.590 117.287 1043.792
34.971 33.093 1005.134
179.707 127.883 958.083
13.801 38.032 967.819
151.530 21.779 922.114
38.469 95.592 1035.685
81.307 58.604 1038.059
106.986 133.258 920.094
24.410 30.961 1034.351
4.985 191.659 1073.560
113.085 126.333 985.992
93.162 77.777 1019.281
140.600 185.663 944.270
34.344 99.108 1060.204
124.150 101.098 998.379
147.969 85.305 1032.309
27.522 118.195 1030.169
60.630 125.444 1023.580
147.189 50.686 965.993
115.086 31.140 949.439
77.714 117.029 936.448
171.877 74.441 938.187
38.206 49.025 992.069
121.313 24.657 954.215
49.689 58.854 987.141
197.126 29.441 1004.256
117.460 137.051 1013.585
156.824 127.792 1017.304
189.060 169.671 992.473
119.341 145.199 1002.997
118.608 41.017 1018.737
6.050 30.905 1050.294
40.583 145.839 1064.948
96.751 55.226 1005.362
137.309 21.421 1003.797
175.118 26.423 936.934
120.205 93.054 933.596
68.243 23.184 1070.160
107.330 148.905 960.632
110.822 1.574 1042.425
186.880 52.531 1022.429
61.739 150.757 1010.146
184.095 67.423 994.169
113.244 138.469 984.772
4.761 181.689 943.506
93.403 138.004 1071.936
107.126 170.469 1048.398
47.878 96.114 983.108
169.651 174.679 976.274
102.224 183.896 997.670
14.045 135.778 985.058
52.956 136.557 1045.292
177.693 102.564 1010.245
113.060 188.214 1008.001
18.138 190.526 1037.966
187.928 58.689 1101.258
72.588 197.301 1032.910
113.236 76.179 947.073
88.578 1.599 1072.820
56.921 60.095 999.334
133.158 154.793 969.266
162.307 60.159 944.315
23.126 96.835 987.723
141.848 82.240 1030.438
106.103 47.231 1009.013
171.374 105.047 1031.393
31.312 195.549 1128.361
74.808 28.007 1019.373
172.441 75.929 972.329
98.387 150.697 979.046
89.474 22.632 993.319
52.350 110.431 926.030
3.026 130.450 980.291
190.542 1.076 1003.973
73.744 71.852 941.506
9.744 54.631 1010.023
40.063 137.818 1022.169
97.686 33.035 940.965
171.355 138.902 949.194
30.493 193.534 962.283
19.380 58.642 1000.848
130.962 181.008 983.434
63.443 134.173 1020.414
160.787 135.628 1018.262
5.320 8.883 950.438
53.150 59.531 1016.473
167.365 103.920 971.149
128.222 155.639 1114.768
175.994 100.463 972.577
127.789 176.218 996.617
135.418 7.225 911.217
141.946 132.648 1024.503
42.149 192.458 1053.790
148.894 178.340 1020.382
39.645 179.446 1077.929
142.044 22.475 1050.150
95.475 159.862 1042.750
96.861 154.892 955.411
82.898 178.148 1037.546
6.624 189.158 1124.320
179.353 39.890 1029.161
174.202 182.922 977.715
48.709 82.325 1091.743
150.406 101.606 1010.923
130.397 106.486 1003.690
150.965 103.505 991.851
93.485 187.701 1053.556
79.371 4.850 974.979
3.080 87.724 956.806
11.747 104.492 926.993
162.811 72.212 981.514
68.383 198.205 846.059
176.996 162.304 1071.187
83.339 66.626 1046.492
144.799 16.249 1039.073
11.334 115.949 879.863
151.946 110.275 942.561
188.614 81.532 1038.674
15.536 37.434 1020.402
128.666 1.723 1052.661
22.553 149.077 1061.285
49.950 199.427 965.191
58.302 109.713 1043.818
185.470 85.472 980.712
141.560 153.490 1083.533
91.409 152.865 1006.186
68.700 134.122 863.127
103.886 15.094 992.897
133.371 34.499 1040.995
133.647 41.827 984.827
197.121 69.547 1003.570
22.173 186.086 1074.044
168.716 157.286 991.110
78.475 125.582 902.885
147.251 106.316 1001.823
28.812 143.843 1001.029
92.766 117.508 1038.786
154.850 98.588 1141.887
37.408 146.355 1017.366
86.163 198.751 1005.548
191.972 112.501 911.803
122.828 145.480 1016.881
125.013 11.149 932.666
174.873 53.211 1068.344
21.704 129.901 932.419
141.628 90.278 992.606
16.827 77.941 978.199
35.384 23.854 948.182
81.975 44.997 936.741
199.889 112.180 1039.273
9.963 70.795 1005.601
149.841 40.351 927.230
49.116 61.426 966.408
40.767 113.631 994.970
134.072 151.701 1052.559
16.015 161.795 964.380
138.365 12.471 989.413
116.797 145.087 930.021
5.873 57.264 996.356
178.548 37.217 1039.134
99.971 111.757 973.970
138.829 162.683 1014.093
129.409 26.142 1030.909
73.003 17.506 874.832
162.511 76.941 1026.456
30.970 179.339 1057.439
18.214 183.451 1065.763
92.358 31.892 935.246
97.375 168.066 1027.426
182.346 134.079 967.366
158.318 84.699 1057.058
145.418 183.248 1032.534
65.960 125.504 1183.425
160.219 22.638 941.060
116.509 122.709 989.807
183.678 73.025 1038.570
16.721 99.681 1037.463
172.122 106.235 993.075
87.439 142.252 1095.372
134.744 18.229 1007.226
24.332 12.598 963.018
134.511 123.454 1083.065
138.562 77.607 952.979
75.966 181.477 992.864
57.208 53.030 1000.797
32.003 120.542 1028.690
145.517 107.926 1020.345
75.418 113.175 968.388
102.578 118.278 1008.557
80.095 39.649 1032.797
140.162 42.004 1079.589
55.223 84.332 954.633
138.428 45.310 1026.598
187.654 39.025 997.204
16.846 48.624 1030.797
24.074 132.620 997.245
84.204 112.268 894.577
128.355 192.525 922.313
175.263 167.184 1045.771
188.209 155.463 1048.492
115.068 18.523 1023.985
183.523 157.920 1012.701
17.346 199.551 997.644
155.768 154.904 1008.225
97.355 73.770 943.078
22.684 52.651 919.469
195.488 99.866 1030.987
185.108 5.493 1015.614
65.763 23.799 996.707
82.704 88.206 966.456
148.303 91.184 985.211
119.921 60.423 962.763
171.881 36.461 1005.902
163.622 102.560 993.413
166.669 155.156 1062.959
3.448 18.996 1138.421
122.239 86.327 1045.321
88.313 7.330 877.001
107.515 182.935 1076.889
161.069 41.824 1033.979
121.283 98.650 1016.255
97.249 38.020 1032.433
43.904 33.921 974.598
90.976 11.546 1060.921
167.516 132.001 1031.892
30.154 114.040 1052.491
44.021 100.614 1027.090
185.652 76.761 968.292
106.077 86.515 961.506
46.344 187.500 1041.815
25.168 185.501 1016.744
32.511 115.526 1022.029
100.115 44.383 998.240
113.476 46.336 1020.292
87.445 43.993 1017.529
160.063 58.026 1044.308
108.817 83.636 999.403
156.465 184.121 1074.753
199.800 48.258 1042.463
188.566 31.947 1032.327
195.494 119.252 901.096
182.121 136.813 1060.523
71.163 86.233 1050.001
114.035 28.192 985.588
3.316 62.972 1015.897
177.576 77.610 1113.425
42.480 21.456 939.212
22.857 67.450 1046.480
195.091 83.130 983.934
193.817 140.518 941.696
55.684 72.186 1045.551
147.393 198.818 935.517
198.898 132.649 1062.935
19.435 24.092 1041.894
13.535 198.048 892.558
99.554 56.324 996.719
79.808 124.685 1060.021
13.648 39.488 1036.696
71.360 84.886 1004.748
15.790 26.341 1037.860
2.957 116.796 1032.409
174.961 10.751 987.195
129.583 140.353 1056.058
192.440 22.271 992.939
134.938 128.243 959.623
115.620 123.811 1006.129
50.874 100.087 982.723
6.157 14.408 906.565
171.333 68.930 1003.305
142.505 96.343 1097.737
34.162 44.412 962.487
76.633 58.534 917.379
197.649 42.643 993.206
123.743 41.513 967.058
164.783 86.976 1003.799
178.028 74.747 1043.527
143.531 58.366 927.353
99.504 42.797 976.391
151.770 137.064 902.279
173.919 196.885 1010.224
132.460 109.531 968.301
52.507 142.966 1012.358
96.132 120.206 971.875
198.189 88.780 955.844
182.827 75.373 996.637
26.602 109.761 996.144
13.941 61.528 1041.264
41.657 186.309 932.406
181.001 147.796 958.479
173.393 26.639 949.319
85.881 99.116 1029.990
168.590 151.222 1088.659
128.662 150.745 1028.381
189.727 163.024 981.147
65.756 139.525 971.151
101.992 117.553 968.032
21.257 169.464 1014.606
156.818 43.917 956.465
59.618 167.382 998.131
174.342 67.207 1003.734
111.452 117.958 987.515
113.989 195.378 1022.238
110.236 53.912 923.796
134.065 45.749 1031.507
80.520 84.481 901.219
199.630 11.220 948.124
157.072 92.122 1047.368
6.176 183.844 1031.936
161.580 175.905 1005.723
117.966 188.656 1010.313
0.515 63.672 986.187
148.791 45.221 1051.314
179.253 50.201 1076.995
125.808 66.603 1047.209
61.859 77.554 914.704
42.755 158.673 1034.224
162.067 177.712 936.900
87.800 130.483 999.067
150.776 38.754 1070.912
53.215 34.032 1038.424
176.138 26.375 981.538
66.465 76.419 964.684
57.082 127.011 1012.101
163.378 112.178 1015.282
13.773 35.587 993.491
108.396 101.421 1042.089
33.655 105.936 888.349
86.537 75.987 1001.660
84.926 2.185 965.382
38.136 186.610 1077.102
173.139 169.052 1051.871
135.857 188.862 1030.978
185.073 83.443 1033.742
144.821 163.649 1022.605
36.977 170.061 1031.083
102.116 33.036 1027.967
121.508 128.989 1024.003
169.760 193.023 1034.499
74.082 116.168 943.373
179.706 160.016 1020.946
54.934 122.825 969.870
79.897 124.249 1049.603
16.178 137.166 990.294
65.799 121.596 1050.558
10.067 31.049 1032.155
191.376 135.930 985.755
12.164 83.969 937.468
8.347 62.426 1003.091
4.347 36.021 1061.179
38.933 80.287 947.701
148.204 189.583 882.444
146.540 148.012 1001.426
106.434 41.409 1035.928
18.872 174.701 1041.219
196.855 73.377 1055.105
156.646 66.360 1015.461
78.795 132.845 1019.535
35.902 185.772 986.676
130.544 50.548 1052.103
90.680 165.214 962.432
84.539 192.877 1015.563
120.459 41.570 1028.367
129.822 95.200 1088.664
196.512 194.558 987.744
69.545 108.688 965.464
100.446 18.867 964.636
177.316 183.702 921.375
187.812 75.699 1025.248
180.198 127.093 952.065
31.165 20.336 1020.365
161.312 88.663 991.721
77.787 24.453 1011.819
152.381 110.636 889.819
166.921 196.667 1008.305
76.175 50.862 1031.658
92.446 81.250 1040.352
67.433 136.941 1019.626
4.350 69.461 992.183
197.577 9.316 985.131
128.957 56.590 1016.066
177.248 102.686 971.443
149.449 137.734 994.994
188.403 166.177 1082.778
4.155 129.072 926.904
96.514 133.594 1049.807
91.084 65.589 1094.421
177.417 199.115 1056.806
172.658 158.127 1046.944
33.627 40.044 1040.901
173.768 10.564 987.424
82.339 85.013 1000.617
190.150 166.628 972.542
59.345 122.913 998.096
39.706 44.409 1009.518
134.917 96.526 1062.355
181.165 177.641 1003.931
127.266 104.168 1012.350
14.949 14.245 1067.754
43.926 1.955 1004.476
121.141 67.562 941.621
54.465 38.239 1005.276
64.836 74.042 1036.487
30.592 26.240 1047.463
146.866 93.420 1008.115
189.734 23.873 1037.643
15.321 194.072 1018.610
84.976 7.608 990.630
169.202 74.276 1033.941
149.435 131.830 1095.980
25.085 47.675 926.844
173.550 198.691 970.819
193.624 18.730 1040.911
67.559 129.964 847.200
41.584 180.709 921.040
135.816 182.272 941.815
40.851 122.866 1000.613
170.359 13.683 993.636
183.419 187.988 980.332
20.534 11.582 1054.058
190.442 123.688 1013.042
76.743 61.536 1026.582
197.799 55.824 1023.376
117.220 159.525 996.326
172.633 55.574 1048.858
177.453 73.375 1059.591
181.103 78.492 1013.910
26.394 19.773 973.037
193.760 103.568 996.969
20.873 78.812 1032.915
93.094 114.712 986.481
55.588 165.065 1086.165
166.814 119.751 938.060
171.253 147.742 989.386
21.771 129.524 942.099
151.663 154.684 1041.978
3.589 70.995 951.874
132.745 74.054 909.256
58.739 194.789 1074.512
175.717 21.093 1008.403
55.853 12.276 980.284
67.459 95.061 966.173
0.478 11.826 988.362
45.358 175.427 980.496
190.754 129.850 979.081
19.510 154.991 887.864
40.158 182.922 1007.970
69.363 7.275 1015.977
126.141 166.212 1012.614
46.310 36.230 1007.463
3.223 139.375 1016.760
114.012 106.864 1021.573
48.221 187.585 923.963
191.492 159.555 1027.911
100.499 124.385 1039.947
101.875 142.679 988.265
148.067 10.473 1020.295
56.372 31.192 1031.623
55.598 65.405 999.259
71.298 68.818 990.846
170.685 184.632 951.960
98.455 176.728 973.911
33.609 103.344 1025.318
172.609 169.731 1019.221
76.132 175.275 1068.008
4.331 43.957 1051.750
111.006 74.839 978.144
36.177 142.306 910.098
135.669 86.777 969.534
50.858 129.434 1088.682
122.246 134.104 961.795
8.964 137.432 972.951
85.455 48.847 1027.680
180.781 182.446 916.050
73.126 113.080 976.858
68.646 162.519 1074.901
167.664 154.952 1053.601
83.906 17.104 1049.961
110.697 38.046 1069.740
112.534 94.682 995.111
14.531 7.134 1034.843
26.956 29.264 910.052
132.762 185.899 1018.150
162.371 52.822 969.365
135.453 4.333 1034.205
163.079 174.130 914.165
38.899 23.677 935.524
142.132 193.229 1055.328
63.458 194.529 885.331
4.017 134.407 941.866
27.691 67.565 956.026
19.421 182.142 994.889
30.578 139.454 973.602
64.011 148.905 974.846
128.298 85.035 1055.173
28.991 119.884 1049.621
186.664 39.360 1047.788
10.196 76.460 990.680
100.008 130.061 1038.098
2.336 50.876 993.260
67.699 28.006 968.546
153.685 193.410 997.070
39.643 46.441 989.928
52.616 81.755 1047.436
92.719 117.389 1122.058
141.652 44.494 975.188
121.455 27.947 978.945
122.654 140.983 1024.218
189.473 69.666 1102.514
116.353 118.003 1043.614
116.071 7.984 1064.179
164.602 72.906 1002.519
65.611 108.029 1044.863
128.307 75.415 1092.060
119.451 84.254 1094.861
98.956 20.077 1005.367
22.245 43.093 1025.177
154.219 180.078 909.754
157.115 31.727 1040.493
67.384 186.279 922.641
171.653 186.531 950.235
129.529 137.507 961.990
136.135 13.706 921.763
62.070 129.380 1037.268
137.317 149.836 1036.149
75.961 138.778 1006.461
5.377 175.629 970.839
87.536 106.381 1060.980
127.275 172.671 965.360
14.695 101.367 1006.702
65.279 82.720 1004.322
55.479 97.736 968.818
51.059 102.373 1015.673
77.533 0.276 1121.684
176.728 156.405 1064.800
7.007 112.229 1002.217
148.092 48.812 1012.913
187.553 155.055 1012.507
163.456 143.981 1017.601
23.742 57.038 984.381
84.252 164.213 1036.239
49.314 118.049 974.515
66.029 194.756 985.561
149.597 25.931 1060.239
47.444 60.084 983.743
129.310 153.741 1072.800
130.345 155.784 1028.984
111.739 59.934 981.322
56.991 162.185 1003.827
135.021 185.104 1056.824
107.482 84.615 1048.299
13.325 41.199 1042.013
23.636 4.793 1029.036
62.892 82.980 1050.508
19.842 85.302 946.008
65.819 150.882 974.298
33.286 120.528 970.552
122.206 36.073 1007.718
29.219 2.948 992.317
47.205 37.497 918.082
34.406 156.701 1030.805
179.296 86.685 1014.649
77.578 178.892 1153.415
26.727 46.165 1009.489
88.182 85.115 993.855
70.640 81.197 1023.813
38.176 30.913 955.483
171.599 34.603 1010.748
112.859 177.788 953.010
164.544 97.359 991.082
153.548 176.230 884.185
135.019 138.378 1052.929
199.027 123.515 970.243
197.727 183.251 1109.547
16.971 121.140 993.136
38.309 27.020 1057.729
127.226 128.105 1012.852
117.392 23.156 935.579
157.463 89.481 954.950
147.734 108.503 968.609
154.096 195.189 998.392
42.211 29.713 1064.151
124.299 99.695 890.504
135.122 73.735 1024.748
63.422 69.158 1038.529
49.618 4.616 1016.150
180.026 111.426 1038.237
96.570 106.882 997.271
50.710 186.538 1029.932
181.400 154.105 922.996
70.090 45.702 1070.890
47.945 174.565 998.303
96.310 192.922 1065.652
24.592 35.067 950.167
100.876 135.842 952.349
188.651 45.586 932.989
181.195 188.384 994.243
113.955 66.900 1032.944
57.597 187.872 1040.574
120.880 112.486 888.658
132.031 153.657 943.337
158.569 139.660 906.399
149.180 199.278 1030.402
95.713 40.071 949.514
175.569 170.598 987.282
56.377 146.322 1012.582
197.441 111.263 1092.663
114.185 64.245 995.145
82.792 139.352 935.122
19.511 103.726 992.997
101.983 151.017 1020.901
171.671 182.898 999.128
16.034 173.021 958.976
48.989 59.890 1042.789
81.410 39.288 979.072
184.157 38.869 989.684
172.380 158.077 989.476
158.245 185.799 1005.787
186.932 82.287 988.577
23.405 53.704 1044.331
137.183 184.287 977.148
49.817 1.358 994.429
121.094 18.927 1013.149
79.170 83.411 968.130
159.302 70.088 1001.502
82.750 194.534 1023.580
48.926 188.837 971.544
48.248 8.784 1017.778
94.326 187.554 1020.838
121.502 90.143 969.888
44.835 188.051 1027.066
92.936 187.763 960.435
14.178 61.876 973.285
140.888 0.100 994.803
72.892 125.506 1009.486
59.306 81.891 1052.022
58.216 61.315 1015.316
5.282 107.070 1036.341
93.752 180.611 1019.363
42.669 59.890 1075.039
115.229 10.564 943.733
118.678 36.295 949.174
83.310 29.882 983.301
65.169 171.148 949.071
52.459 110.122 1112.664
145.091 11.277 1028.023
104.458 177.579 1007.887
78.763 140.653 954.816
73.571 110.607 1014.846
178.887 89.065 1077.245
81.367 28.222 1033.889
157.239 87.115 1028.108
16.834 139.455 1000.619
163.498 188.917 1034.851
11.535 71.319 965.282
172.811 101.768 1015.776
156.447 151.585 892.384
142.008 64.011 1039.685
8.551 48.138 934.054
185.355 142.923 914.906
115.555 59.024 999.444
48.166 190.504 987.931
181.822 9.721 979.432
187.524 194.973 1014.804
24.154 2.084 985.274
105.585 8.058 1012.744
13.700 188.504 1104.378
17.960 132.405 1037.080
183.225 43.398 975.537
9.851 29.151 1027.143
26.904 20.408 984.019
11.919 10.905 1069.199
150.683 17.258 1038.909
117.660 107.659 972.031
89.428 139.034 861.093
189.827 44.449 1019.440
188.544 174.914 996.028
198.630 69.548 834.678
92.631 159.472 986.339
81.482 195.820 1038.622
132.369 69.904 924.907
158.630 94.775 991.819
171.139 117.442 1011.675
12.282 36.471 963.134
136.106 48.106 996.628
117.703 25.455 933.320
47.115 30.512 954.779
88.657 195.444 926.758
70.352 111.370 1100.504
68.208 74.265 983.424
111.494 60.774 1082.266
58.226 154.295 993.209
9.663 153.147 1032.610
82.016 4.001 1090.852
105.969 166.787 917.738
59.131 190.083 992.841
10.912 9.927 989.801
108.537 97.210 1041.914
88.019 178.801 1096.671
58.340 47.041 941.883
190.185 0.764 1007.340
61.325 134.844 960.091
20.744 191.376 1070.909
199.690 152.456 931.831
189.289 193.600 1060.316
79.123 132.677 992.764
31.057 21.339 985.995
22.802 161.114 1010.405
165.353 170.888 1022.715
66.397 164.384 951.906
161.191 95.137 1027.735
160.669 36.496 1020.292
70.843 6.406 953.355
42.499 117.940 1002.870
62.975 178.249 984.496
4.822 140.995 1051.613
117.979 30.258 992.552
20.774 61.212 970.775
27.790 2.913 915.927
81.598 148.446 949.066
173.517 106.801 981.038
99.030 57.675 964.456
130.483 123.794 1002.897
124.474 82.074 1093.897
84.376 2.236 1102.979
122.063 173.302 1010.349
182.362 63.493 977.073
44.440 80.948 918.637
13.068 97.742 1012.196
67.895 190.726 953.243
123.256 98.544 994.774
185.644 44.406 952.904
6.728 160.040 1020.648
148.815 189.473 1039.271
82.737 144.366 940.511
4.451 121.114 1015.035
32.126 162.469 943.492
183.125 60.629 969.866
53.218 5.037 1030.280
189.240 188.198 995.635
115.290 84.520 1017.729
149.542 92.818 887.328
29.108 128.843 1002.943
37.378 165.015 973.775
132.796 3.560 980.673
180.066 5.675 958.345
48.953 108.386 1037.429
148.412 83.241 975.131
124.583 145.571 917.531
143.656 89.194 983.406
86.408 198.413 1092.855
133.838 63.427 950.580
7.263 97.476 1058.088
32.290 119.792 985.995
62.240 59.412 910.738
92.866 40.550 1016.842
88.810 156.776 982.637
153.640 123.211 982.391
152.275 61.764 1006.726
77.106 199.279 839.941
177.342 89.106 1052.144
101.232 126.201 1007.697
94.101 181.069 1061.188
105.020 123.909 949.900
71.624 69.171 948.908
75.631 138.866 894.973
99.388 18.374 981.066
166.590 52.334 1024.992
170.398 111.142 914.375
84.830 166.821 942.400
107.178 2.177 1054.632
10.428 74.510 1046.488
171.128 46.497 944.963
195.946 143.165 1017.167
199.862 131.739 910.990
172.817 74.294 1034.476
92.762 130.377 1007.693
146.971 107.125 992.749
178.932 175.730 1072.935
79.238 138.396 1007.238
24.879 82.587 1020.651
116.600 58.549 958.993
74.553 75.495 1035.653
140.975 17.990 1058.889
179.307 61.438 1057.311
111.572 165.007 1066.225
110.671 110.117 1003.741
190.116 60.430 976.435
82.967 114.823 1008.937
164.942 53.611 1001.260
15.048 96.908 1004.934
158.535 55.782 976.713
115.961 176.579 1034.974
10.607 114.633 975.078
169.391 195.616 1027.556
99.569 191.175 1003.617
176.165 134.568 1061.617
105.145 23.284 1030.204
83.011 41.183 964.060
64.145 146.964 913.408
146.250 106.113 945.496
47.517 28.890 940.706
85.472 140.190 1136.721
74.162 96.757 1022.256
28.856 196.658 1017.241
39.306 129.325 1054.214
29.826 55.841 942.888
140.858 143.049 1042.617
31.640 39.470 933.853
96.238 140.809 872.774
5.489 145.058 988.900
60.949 164.891 926.129
64.981 199.228 1018.847
134.014 48.023 958.991
4.538 51.294 943.730
0.461 167.557 957.640
186.738 30.426 1036.522
135.637 176.305 960.477
178.545 189.090 1040.144
164.379 72.880 1010.043
129.976 106.652 963.571
78.859 77.903 968.328
56.296 42.989 1014.632
112.483 67.736 889.873
188.484 67.660 1025.145
188.965 126.498 1001.112
112.184 162.628 972.840
194.339 160.803 1030.558
189.647 144.201 1087.311
133.913 164.023 1060.819
28.007 199.456 1005.052
126.591 99.953 936.718
70.401 90.108 958.989
20.146 127.963 1006.383
73.228 54.017 1034.229
8.344 175.565 1002.022
9.140 178.659 1031.780
117.482 175.104 1019.189
183.583 140.067 968.248
48.966 165.237 932.319
91.144 97.448 1015.383
45.421 118.113 1046.210
195.960 57.383 1033.681
128.642 191.581 997.935
124.075 122.686 1005.745
108.828 75.191 1069.463
47.404 41.648 955.781
158.734 43.766 977.524
131.698 2.895 1075.010
20.073 12.649 961.007
143.163 145.583 973.662
52.087 141.487 1004.746
146.092 69.081 998.886
6.286 7.349 1073.886
149.349 114.522 993.092
14.359 171.721 975.307
182.658 184.157 1080.659
40.986 151.340 1041.784
88.277 154.195 1015.941
69.820 82.463 983.798
85.559 156.742 1033.661
136.547 112.506 999.127
24.099 77.444 943.699
158.604 67.791 968.128
63.556 66.942 903.608
145.952 27.445 941.012
152.947 20.540 1068.988
100.630 34.490 1003.051
75.855 84.898 1041.518
174.627 197.400 985.536
90.783 90.013 981.207
161.958 190.223 962.133
5.852 152.431 990.055
155.057 170.190 1050.354
45.876 42.471 1011.067
4.685 100.155 998.743
190.981 104.078 1017.729
136.149 68.636 1013.779
180.939 132.105 908.591
156.224 193.217 1023.196
103.229 169.860 948.351
111.230 140.223 970.615
187.737 28.545 936.727
89.008 141.427 933.666
134.734 114.220 1005.691
137.969 14.602 959.602
46.675 123.300 995.747
16.863 196.966 1005.562
9.110 105.788 1056.802
19.964 199.804 985.063
17.790 186.388 940.557
183.988 187.216 996.638
153.305 39.463 939.585
186.829 104.946 1000.260
125.505 138.981 944.402
141.572 20.286 926.000
153.309 137.648 940.826
72.025 134.492 1040.681
119.627 116.170 969.635
147.408 151.474 948.198
157.480 137.317 1017.771
119.958 96.582 1040.542
75.615 170.431 1063.256
110.540 78.309 898.959
94.869 157.314 1018.965
188.146 184.711 1027.032
126.609 130.394 930.187
162.373 143.884 1016.103
71.251 108.599 1060.096
1.382 102.885 978.883
35.076 196.565 932.685
148.477 54.370 995.443
84.964 81.268 989.258
125.238 101.184 1055.276
173.280 97.183 975.590
115.208 70.410 1117.096
104.853 196.768 905.662
60.876 36.168 1036.827
152.467 196.481 1038.306
64.382 146.741 1143.298
196.192 44.201 1003.298
114.217 61.538 962.332
129.671 118.640 939.195
0.027 187.656 1056.242
191.531 165.216 958.703
199.056 185.216 1046.440
2.927 17.935 1007.945
22.479 143.969 1012.817
120.191 161.513 972.030
91.391 91.559 1009.957
141.210 38.125 989.977
150.933 45.831 994.893
136.010 28.757 1028.059
168.464 83.254 1068.758
129.322 93.459 988.540
67.449 159.299 999.045
3.228 140.284 963.281
99.929 198.693 1008.228
172.661 190.361 950.389
15.739 107.781 1075.634
187.996 92.385 947.339
77.518 93.653 967.481
188.858 86.457 897.334
122.602 146.937 1016.199
13.917 103.131 1094.016
130.964 69.392 1087.783
113.690 195.518 1019.177
56.223 8.210 1051.376
26.429 18.955 927.015
18.863 77.581 1103.039
64.322 94.737 1042.853
128.842 23.265 1001.849
181.427 116.517 968.144
188.994 50.257 1058.302
124.565 132.403 1095.647
132.949 131.002 1008.170
162.691 139.180 1009.677
143.694 23.344 958.896
194.333 48.270 1021.318
191.676 143.761 991.736
68.119 51.960 1103.195
137.982 70.309 912.816
123.474 58.058 1041.784
88.592 9.966 938.902
117.246 138.525 915.744
50.512 117.498 1041.205
126.932 113.527 1034.757
121.613 147.630 938.942
22.101 57.598 1037.123
135.930 4.784 993.010
149.918 108.936 965.527
92.333 24.265 979.586
41.531 42.608 992.737
35.454 116.153 1003.971
64.580 88.876 979.634
4.112 155.330 965.210
192.665 168.609 978.510
180.395 162.070 1030.490
59.841 190.608 993.633
0.676 44.369 910.760
8.129 33.424 950.116
87.805 73.473 1008.084
40.116 116.411 1015.014
4.409 46.805 908.754
52.977 125.391 997.492
130.578 58.908 933.956
21.383 129.762 928.122
32.139 2.978 1051.815
60.711 181.243 1026.453
94.812 110.287 996.997
109.587 85.696 905.673
80.508 31.207 1030.819
182.928 39.583 1010.134
75.565 85.363 1029.046
32.992 93.777 1000.902
176.465 167.828 919.246
77.884 91.030 948.024
86.283 36.612 977.743
136.320 171.033 962.001
170.760 49.335 1008.152
78.367 5.036 994.899
149.711 189.033 1002.124
189.241 36.120 986.589
198.699 190.116 932.486
148.978 36.049 1038.200
3.318 176.784 962.007
189.042 47.626 1067.987
105.322 142.921 1019.037
1.038 189.849 1061.705
40.036 13.568 999.120
78.891 27.079 1027.746
109.828 91.429 960.230
51.290 6.275 1087.310
198.555 0.481 1089.504
150.595 84.850 1047.713
86.388 7.504 1018.400
123.742 33.470 1020.228
47.902 40.447 1003.999
140.299 140.210 923.444
101.353 17.953 1043.804
199.370 31.768 1035.648
168.937 38.809 1005.393
166.542 198.630 1034.347
133.106 169.179 1016.462
186.256 142.860 1129.639
74.825 126.586 996.106
129.593 113.266 911.927
143.143 183.454 934.547
101.565 161.086 970.550
67.675 121.897 975.974
109.291 30.298 1006.405
89.165 111.589 979.073
83.864 106.359 1078.781
149.374 88.126 1003.203
82.842 149.210 1015.597
114.432 62.813 962.561
170.837 183.064 915.484
59.837 32.257 926.217
150.044 139.243 987.352
43.724 77.134 1074.863
110.283 58.927 966.033
54.473 105.241 960.834
186.309 8.243 938.316
26.929 11.540 991.035
183.996 0.806 957.759
157.310 70.874 972.372
171.055 70.005 1051.301
142.783 11.289 1028.718
93.366 121.775 1078.250
57.077 133.665 1104.574
178.006 46.535 968.308
171.782 58.618 1018.508
152.309 94.448 985.806
173.656 177.913 920.224
156.656 151.778 1053.432
13.061 197.290 972.241
120.261 30.970 1034.603
125.782 192.238 970.482
27.461 6.332 923.757
196.939 55.333 948.188
130.443 79.900 968.519
115.589 169.147 939.357
176.331 55.005 988.742
184.669 103.411 984.131
59.469 164.657 1153.738
185.290 121.133 915.665
74.381 54.267 1096.596
179.509 172.891 977.275
10.028 38.726 1022.462
97.840 57.365 956.105
134.786 7.363 952.928
195.556 139.081 1014.264
80.120 142.038 1016.742
69.444 20.977 1023.303
77.075 96.738 1012.476
74.849 166.162 895.436
122.735 166.459 981.866
57.881 111.381 1100.401
163.398 190.490 1020.813
75.284 22.275 1072.743
27.529 114.565 1000.319
118.405 89.849 1027.907
135.434 5.064 997.257
79.480 121.911 1048.686
86.056 116.367 1018.216
38.867 9.848 1024.304
143.066 85.833 1039.200
160.354 143.289 1037.913
75.342 32.958 965.534
180.545 90.698 1042.235
181.888 156.352 980.625
46.796 37.506 1010.734
23.008 76.348 893.609
155.423 144.163 992.762
155.515 17.292 905.511
27.374 112.066 927.679
179.833 45.082 1037.175
94.446 80.205 1096.941
19.288 33.150 950.992
97.255 103.990 1025.493
117.848 108.809 1060.702
43.275 11.061 987.992
83.234 25.653 1111.875
16.929 144.353 964.407
65.705 147.502 1015.172
68.568 89.785 1043.929
169.558 147.398 1040.028
92.205 101.588 1047.649
138.502 111.740 1075.617
195.439 23.719 1018.999
187.956 12.270 1006.480
53.638 169.059 1054.236
24.822 193.893 978.912
26.971 167.273 1095.117
20.028 143.737 988.496
90.612 176.159 968.249
173.990 80.731 941.053
9.330 37.052 1019.663
16.571 153.852 921.763
172.247 74.433 931.269
52.739 67.104 924.185
184.349 190.869 915.573
73.011 153.116 899.808
36.390 95.249 957.536
155.811 50.982 1019.207
0.599 169.140 985.742
81.448 44.969 965.379
198.990 188.650 1048.105
76.503 187.235 988.018
19.085 117.864 887.809
87.434 184.024 971.883
48.110 14.682 949.838
138.204 147.027 1029.963
101.121 147.462 934.045
110.413 136.163 999.754
148.240 92.306 935.593
199.652 149.135 1092.408
121.299 19.337 932.483
119.220 66.181 915.384
192.610 55.783 1004.118
118.761 129.704 1004.561
54.435 101.144 973.543
165.555 175.775 960.047
14.206 175.425 1107.192
13.280 103.586 1004.460
56.283 11.402 1047.561
50.918 163.378 989.277
47.254 158.367 1050.244
29.638 158.478 1016.423
7.119 34.358 1058.302
117.633 31.772 978.585
66.257 66.843 980.621
70.358 45.111 1063.942
192.201 104.339 1028.568
15.031 47.028 999.361
115.237 196.806 1030.690
13.337 94.739 1013.636
90.924 161.472 1048.080
163.029 64.247 959.713
81.648 61.947 992.978
69.341 69.053 974.762
71.396 137.408 991.982
54.393 189.612 983.075
134.677 141.760 984.290
111.496 111.384 966.810
115.701 192.804 992.145
143.466 141.159 955.728
171.656 87.016 1043.125
197.945 48.554 1060.507
30.184 119.795 1029.600
149.203 165.851 936.570
65.269 139.660 996.035
9.408 87.006 956.919
47.586 66.215 986.125
109.290 58.680 982.866
177.944 80.526 1025.929
3.341 66.020 999.035
76.456 121.737 975.788
84.616 186.007 955.186
23.806 178.466 951.199
63.609 46.281 1070.839
107.165 126.224 939.413
185.187 103.809 1057.056
51.922 151.899 962.483
44.532 184.779 978.560
4.761 55.735 1048.475
23.809 56.292 1006.192
59.476 126.114 959.640
132.974 106.966 1062.118
4.920 145.881 957.839
19.688 64.662 1090.039
57.423 25.677 1050.879
159.697 92.148 1000.694
96.854 15.449 990.664
106.232 32.486 992.792
152.407 195.160 1046.773
60.074 111.741 953.627
135.004 166.836 1121.043
99.110 1.430 1032.446
130.394 130.750 985.418
177.729 54.303 1010.695
153.682 132.662 1007.913
64.287 80.143 1037.797
155.494 171.052 978.745
45.886 149.658 999.630
71.652 108.766 1079.704
136.101 26.287 902.156
179.501 146.106 1026.917
8.829 39.419 956.966
127.841 98.846 953.923
0.671 90.853 1015.827
137.836 162.784 986.271
173.758 81.587 1006.665
160.988 132.338 1024.919
127.095 131.537 1031.413
158.194 146.190 926.979
3.346 158.645 897.006
36.902 106.493 998.907
66.002 60.306 994.173
67.675 35.617 1080.428
159.284 146.244 988.996
102.007 127.064 1062.864
114.438 130.898 998.011
12.514 193.885 1028.887
187.869 151.455 1000.225
184.605 54.148 990.064
189.961 115.205 975.563
159.291 100.731 951.616
51.201 125.153 1026.651
64.458 85.908 1031.177
57.440 188.941 957.537
80.143 131.760 939.812
147.687 94.679 1097.674
107.759 52.370 954.276
106.296 122.732 1101.515
36.645 110.606 1023.344
100.181 58.661 934.730
124.065 31.391 924.346
63.838 40.019 928.754
196.248 87.140 853.627
170.753 105.896 1030.868
102.250 56.932 1071.152
183.399 62.877 1033.550
151.519 85.393 1055.907
117.913 172.953 960.619
164.063 47.975 1058.749
179.319 15.852 985.918
158.332 8.789 1027.084
177.895 122.341 952.634
107.804 40.113 940.781
153.246 12.479 996.665
122.072 109.944 1061.100
156.764 36.605 974.832
166.248 160.749 1034.164
103.077 99.590 979.838
34.411 74.948 1033.700
20.177 88.217 996.466
16.153 60.491 1066.789
4.263 165.506 885.313
8.859 172.754 996.794
100.517 185.640 1021.651
79.580 180.923 955.341
112.191 172.028 943.151
122.692 132.949 963.043
2.737 122.820 952.284
24.034 186.605 1069.098
76.426 28.640 949.249
173.254 12.301 973.404
147.794 163.582 991.040
24.944 44.845 988.431
108.729 163.339 999.110
49.402 149.460 942.985
5.858 151.663 1011.921
196.600 154.734 971.725
83.946 136.689 1038.091
56.094 124.157 1051.723
181.745 16.244 858.537
165.166 59.002 936.996
104.364 8.748 995.360
94.031 42.953 1005.329
106.042 14.351 1049.191
122.141 88.880 938.125
157.992 193.928 951.187
25.332 160.413 1117.937
15.518 130.730 1049.432
109.459 40.305 1044.200
33.571 197.892 1001.489
49.927 108.545 1045.173
91.167 134.275 1002.021
81.533 48.164 1015.039
169.042 143.535 1040.026
136.798 151.534 1006.980
0.274 197.629 1033.076
17.624 18.171 1048.557
16.997 176.036 945.914
139.085 91.453 1016.445
83.211 153.168 938.963
130.437 130.952 1027.158
169.779 147.486 1015.615
81.918 66.681 1034.256
51.264 52.928 972.608
15.923 191.400 933.631
180.084 51.773 1101.706
169.141 173.625 959.568
110.489 50.434 998.755
99.117 199.701 959.450
130.847 89.203 964.055
64.833 183.941 916.416
106.561 66.565 1043.702
50.716 40.540 991.295
117.562 30.771 1079.575
53.284 168.470 972.849
92.022 58.156 1073.244
198.957 75.511 951.179
155.868 88.238 1018.098
184.023 47.730 1008.690
14.621 93.356 1066.905
45.288 24.362 1020.696
39.234 14.992 973.886
45.713 119.876 934.895
14.547 175.058 1020.705
94.903 73.927 1049.678
154.622 164.811 1053.135
77.446 32.864 1089.179
4.592 197.050 959.160
106.311 177.794 915.862
44.227 164.981 1003.556
18.970 23.208 1003.460
169.793 30.102 1042.867
35.306 164.395 1040.882
111.416 147.863 1007.431
168.548 51.638 1000.480
51.866 0.625 1016.845
137.632 48.500 1013.483
108.459 45.529 968.973
2.452 190.011 925.877
191.995 64.561 1036.516
87.698 190.558 1033.022
100.310 115.560 1042.665
151.533 182.614 1011.766
167.654 38.025 1097.837
34.002 54.783 996.678
184.305 36.874 1004.158
96.308 118.427 1094.629
52.773 42.197 1001.086
28.957 74.925 942.728
9.269 163.965 966.639
135.831 195.135 1140.131
128.342 142.572 1025.518
106.999 144.701 1067.176
1.888 75.947 1002.411
37.095 6.757 978.895
123.321 52.022 905.737
151.271 119.623 1056.048
56.465 123.556 1046.204
170.740 139.156 1020.847
97.176 120.989 995.224
179.095 197.215 1031.214
43.232 194.568 940.108
166.122 74.364 1063.239
186.839 135.869 999.696
76.353 29.479 934.592
28.023 29.376 995.623
107.948 190.747 923.764
173.186 102.515 904.109
161.832 110.574 996.324
15.077 44.756 995.976
199.311 196.679 1004.856
153.944 62.841 996.712
99.153 58.221 1031.475
97.074 146.417 1070.608
29.462 12.585 981.616
102.475 54.892 1111.900
79.512 165.501 1006.920
115.236 30.523 1027.952
167.456 28.048 1019.843
110.691 56.986 966.235
155.689 77.111 992.694
194.821 70.241 1035.001
77.910 193.725 941.375
21.285 132.274 1025.141
116.849 173.872 1023.133
118.285 168.948 978.498
153.965 21.341 1032.116
53.961 34.036 901.003
107.426 74.483 1036.886
152.341 185.849 1002.011
62.613 116.739 978.045
14.725 191.184 1078.805
72.890 100.242 1025.706
55.179 31.650 1032.356
24.507 116.098 1008.975
12.514 195.541 1003.220
50.167 67.430 1041.557
67.905 8.803 1022.111
4.928 101.268 1004.195
25.439 14.088 1060.291
95.094 1.592 1029.280
156.509 27.574 1067.969
195.291 71.808 983.401
16.625 191.579 971.934
51.586 42.244 1010.227
51.656 156.894 1005.600
75.945 67.855 912.931
21.123 26.707 977.248
42.243 191.408 1023.755
191.457 136.580 981.360
184.539 51.531 1117.157
118.074 105.165 1003.683
152.481 23.837 1017.282
185.959 91.366 946.027
80.100 69.378 994.054
151.805 64.009 998.433
65.692 1.663 994.004
73.347 147.589 998.002
124.123 191.648 1027.332
161.113 199.663 1014.429
178.833 49.069 968.385
138.828 31.363 1004.955
63.174 32.143 1032.177
139.305 183.492 935.578
133.939 144.607 1019.442
141.177 128.635 998.107
167.469 133.149 1026.337
132.179 86.016 1016.206
12.008 193.034 1022.282
196.788 6.556 879.566
133.196 112.838 959.899
192.184 83.678 1002.236
3.616 193.139 1069.574
156.428 151.856 981.300
120.191 118.138 950.104
86.167 2.971 998.566
60.658 43.193 1064.114
193.915 166.377 963.499
24.142 29.314 1017.403
134.812 34.806 945.511
191.811 138.468 983.355
93.405 47.504 952.049
161.685 179.594 948.863
131.985 45.408 902.366
179.019 13.591 1034.342
64.821 39.788 891.560
35.523 52.981 912.673
74.339 93.249 963.782
66.584 170.890 1061.176
165.265 5.295 1077.980
3.003 154.087 1027.773
184.767 74.449 945.484
69.804 68.772 1072.068
38.756 120.863 946.956
193.104 115.731 931.804
72.626 138.095 1040.453
32.753 60.796 1019.761
141.430 115.386 967.641
69.577 39.937 988.770
78.486 110.698 936.458
113.324 185.519 1013.395
98.590 33.727 1014.054
174.480 74.607 1064.702
15.772 13.980 1026.803
126.063 84.882 1028.388
117.820 80.988 932.398
133.461 186.407 930.221
192.567 139.398 977.668
72.729 72.307 1085.034
191.478 173.571 957.501
72.049 105.061 1014.723
22.001 121.759 1033.394
5.697 31.296 963.840
175.860 100.380 995.278
76.875 163.914 1098.424
151.183 172.314 967.033
9.867 40.521 1028.028
64.576 19.829 1011.611
167.770 166.797 1086.388
24.728 114.949 1028.834
15.685 49.051 989.309
64.746 51.594 1030.956
142.073 78.535 973.320
174.213 191.994 1076.504
153.911 34.858 926.109
163.179 139.719 998.873
145.959 145.078 1036.159
38.651 3.167 1005.161
179.740 79.736 1003.690
154.253 119.257 998.085
96.119 187.163 1017.398
43.228 43.637 969.323
195.219 151.323 960.836
106.464 13.203 980.712
46.413 88.394 968.232
41.145 20.157 1033.184
114.795 196.130 1019.343
195.193 56.548 1071.637
18.745 34.384 1002.300
82.008 197.585 1023.609
169.598 105.637 1056.648
147.130 16.026 922.672
199.824 102.909 1000.878
121.634 152.008 969.621
191.794 61.995 1056.579
8.956 95.634 1083.668
46.637 34.753 948.033
95.072 47.140 987.565
144.117 32.897 972.721
118.395 8.192 1033.168
7.067 13.535 989.982
132.598 37.458 1007.858
55.861 5.518 999.745
6.494 120.731 1011.624
120.268 51.858 1027.037
47.549 139.045 1000.710
74.150 26.179 1010.829
24.569 175.766 999.593
178.055 53.930 966.733
149.911 21.095 1016.734
1.228 159.878 1011.756
3.740 173.040 995.937
10.455 177.277 977.177
50.360 161.490 1045.232
108.099 102.195 1030.477
9.250 78.049 1003.716
71.751 87.427 1018.413
67.873 110.361 979.556
85.578 82.741 1064.348
147.063 150.912 989.046
1.592 149.181 913.608
107.152 65.203 1032.303
23.586 108.032 1039.335
137.076 38.916 1046.656
140.924 192.976 1031.011
191.655 93.034 944.367
122.914 179.447 1019.262
28.334 11.336 1035.187
138.726 75.606 1020.201
99.321 34.593 828.680
190.780 2.048 945.360
195.303 176.307 1044.441
170.541 83.607 1023.683
34.434 174.129 1023.424
16.600 93.677 978.553
55.027 142.564 956.508
155.533 188.537 1047.027
159.596 3.844 969.311
150.980 33.205 930.644
78.148 141.368 987.874
168.722 47.754 996.013
183.963 15.042 1078.453
147.893 113.055 979.545
179.968 196.210 1008.427
56.749 116.889 992.530
61.223 198.639 1009.771
83.507 15.270 1073.788
175.241 72.009 972.154
176.630 160.839 1063.183
67.658 166.687 996.448
107.596 165.679 1011.175
150.545 102.863 998.110
31.281 158.571 1043.726
57.703 118.680 1001.666
143.222 123.152 965.157
101.079 118.510 1053.283
179.065 105.068 856.025
55.746 150.352 930.279
94.778 53.227 948.697
53.049 43.791 936.846
80.651 108.255 1007.486
138.747 42.537 930.048
49.899 51.239 1051.583
7.854 189.937 978.326
132.516 69.983 931.732
146.934 127.474 1001.109
150.686 6.556 986.254
133.059 6.139 1029.758
93.627 28.050 1043.410
188.170 102.676 968.412
18.889 84.993 1060.484
193.028 144.923 965.101
183.557 76.884 938.698
115.478 47.345 1104.712
183.818 46.748 1012.831
112.016 87.222 994.096
60.374 17.911 970.495
138.123 31.532 1001.772
81.153 45.691 975.575
141.805 72.309 1069.248
190.453 110.000 930.557
167.427 196.180 1054.834
51.743 19.733 1128.821
121.208 43.371 987.764
135.572 49.972 1049.184
111.792 27.766 1010.167
41.132 115.935 1129.174
118.423 23.820 951.643
169.353 125.659 984.428
48.700 84.607 953.892
32.620 0.566 1043.421
146.717 104.860 1020.136
180.195 163.724 1047.343
17.988 136.158 925.855
165.631 49.757 1044.427
158.849 19.407 1109.139
177.648 112.092 1015.039
196.750 124.029 1062.485
188.088 29.217 1032.959
149.200 102.711 1063.755
29.133 103.561 1032.591
36.408 41.803 995.328
182.022 69.920 1023.709
143.744 114.769 1069.168
133.112 124.065 976.709
170.305 100.234 1129.588
152.791 43.357 1024.868
128.794 175.623 1042.761
1.551 150.379 1042.610
179.881 153.893 1015.389
142.707 54.063 1003.232
180.768 77.427 1031.497
132.813 26.142 1015.729
166.723 150.684 1041.428
163.794 164.464 985.923
75.471 194.533 1021.154
44.428 55.892 1059.655
49.609 80.943 973.107
64.894 184.536 992.122
2.148 35.806 1054.543
47.912 155.995 940.800
145.874 87.747 1054.085
91.662 56.914 962.666
189.241 51.318 1024.068
93.458 150.273 1053.083
11.268 20.185 986.706
94.558 191.726 1005.159
159.506 69.884 987.800
32.394 84.031 1004.162
70.385 164.005 976.505
151.777 8.572 1031.011
173.197 4.745 988.813
187.437 53.357 1000.071
84.018 174.656 952.870
137.236 146.314 991.499
126.474 112.672 967.452
117.239 175.115 937.916
105.916 65.377 1009.730
162.805 120.913 985.117
29.569 52.075 1008.510
66.948 29.252 935.856
165.501 38.288 1065.076
188.475 111.232 1077.492
165.630 25.433 1006.037
148.960 160.619 954.767
91.833 177.554 988.228
118.253 125.327 983.072
36.187 77.772 1053.595
9.542 194.422 1059.241
191.899 77.856 1038.384
6.041 11.152 996.668
64.708 8.323 1126.961
6.602 73.226 961.637
84.045 190.571 1062.384
10.975 83.331 984.669
75.039 121.872 988.555
193.485 174.844 951.677
30.572 91.901 1019.756
98.560 149.695 1025.687
38.739 76.318 957.126
72.381 29.352 990.874
1.580 42.240 953.603
65.581 36.557 1006.623
185.823 42.493 1045.602
146.913 128.656 1110.749
12.140 36.799 964.375
118.710 35.877 1006.775
22.757 24.994 998.979
128.361 184.899 1064.877
96.751 40.345 951.210
152.004 146.427 1015.553
120.287 24.502 1066.828
92.654 94.352 1017.925
21.201 196.656 1027.045
26.030 35.375 957.053
189.527 82.834 994.728
67.264 97.766 1009.905
196.301 42.534 1050.666
76.528 177.948 1016.774
95.528 35.936 1010.426
140.951 91.297 930.064
37.992 167.807 969.074
58.257 27.402 1016.860
168.321 1.903 1006.284
166.073 93.419 1028.310
133.830 119.947 967.446
135.867 140.783 874.751
93.380 172.607 1045.076
48.907 193.053 859.859
22.385 123.567 925.344
7.562 98.093 1055.819
93.194 124.678 1019.240
13.709 63.498 1002.026
48.246 150.295 978.546
82.563 37.494 949.054
73.305 146.600 996.324
36.506 37.695 924.012
105.572 160.057 1025.563
120.286 198.053 992.338
119.328 35.856 862.547
149.592 199.820 989.923
163.823 12.930 998.507
3.172 113.482 1081.253
3.920 95.487 906.652
10.267 46.881 929.105
155.545 139.947 961.129
157.947 74.599 1000.057
129.577 45.511 1050.533
128.149 1.805 957.631
184.971 150.233 1044.632
93.241 159.055 1001.195
171.669 16.707 1054.764
169.378 126.337 971.057
63.727 70.917 1001.200
193.789 120.249 1042.545
194.589 60.734 1021.009
63.335 5.890 997.088
10.103 2.534 1051.871
21.464 165.784 951.168
139.885 112.371 1032.220
127.607 156.118 931.289
129.883 181.155 1004.313
94.096 23.771 1038.640
163.177 33.859 1036.755
115.806 147.855 910.039
76.559 153.992 1062.980
197.830 42.927 1002.006
121.829 188.743 952.099
185.458 19.841 1031.525
151.305 150.274 1008.880
194.366 147.907 1002.083
141.636 31.969 976.412
163.122 83.219 1024.697
77.311 127.196 1069.011
88.525 184.047 930.539
141.933 177.458 1017.996
193.989 67.249 969.035
175.649 169.420 958.442
122.228 125.443 979.625
0.208 140.354 1034.831
20.379 148.140 1012.871
84.927 192.936 1039.331
20.106 177.012 916.489
22.987 131.298 911.564
135.000 103.216 1002.119
75.082 121.226 944.113
59.985 12.722 953.289
139.298 86.934 938.962
188.913 22.605 989.766
190.495 170.327 930.348
82.237 165.283 989.366
105.224 165.302 991.705
3.784 144.073 935.447
59.513 103.026 995.899
37.807 164.080 1064.355
82.003 107.618 945.324
109.427 126.573 967.537
106.193 68.432 954.964
60.189 63.753 1112.613
50.030 43.412 1025.529
134.237 75.644 983.398
58.327 164.240 980.623
92.971 114.964 1010.844
157.130 126.914 959.357
171.819 194.730 1006.644
26.975 128.180 957.407
198.310 156.147 974.465
18.515 118.954 1001.672
159.276 20.772 1019.265
21.844 156.320 1019.430
98.814 99.980 975.756
52.896 152.182 922.254
46.432 181.270 1058.948
46.535 47.119 968.214
44.872 70.947 1020.525
177.043 176.915 1001.394
199.349 150.799 930.629
62.121 110.784 1001.194
115.910 96.846 934.754
37.118 39.445 1096.336
94.559 105.058 954.041
26.979 128.271 1038.320
45.876 155.680 1010.068
175.790 80.370 1000.269
169.632 124.442 969.648
38.351 114.738 975.232
189.617 199.982 910.238
130.968 98.723 945.333
118.716 70.879 945.078
160.383 160.419 979.906
67.562 151.344 1030.279
145.469 100.878 1008.878
51.320 197.425 981.904
66.349 53.039 1045.786
85.410 52.529 1077.542
88.567 178.076 999.090
8.994 27.157 947.103
51.699 70.152 948.664
92.165 74.915 953.033
0.000 161.523
24.972 200.000
200.000 186.643
38.955 0.000
0.000 53.626
151.480 200.000
200.000 88.225
119.687 0.000
0.000 179.119
32.292 200.000
200.000 154.601
158.044 0.000
0.000 56.961
45.563 200.000
200.000 8.929
186.252 0.000
0.000 89.705
130.423 200.000
200.000 88.756
107.224 0.000
0.000 50.500
