12.980 44.511 0.000 0.000 998.473
4.981 155.972 -0.000 0.000 993.874
26.661 85.021 -0.000 -0.001 970.628
20.331 199.490 -0.000 -0.001 975.389
13.243 194.933 -0.001 -0.005 990.808
157.162 113.813 -0.000 0.000 995.671
138.586 143.582 -0.000 0.001 1058.345
146.705 137.273 -0.000 0.001 955.123
193.842 122.188 -0.001 0.004 950.964
168.963 139.266 -0.000 0.000 995.809
119.966 165.914 -0.000 0.001 970.199
45.074 81.302 -0.000 0.001 1015.047
121.713 55.659 -0.000 0.000 1068.836
61.043 82.354 -0.000 -0.002 996.599
172.091 22.519 -0.000 -0.000 1026.237
109.116 144.992 -0.000 0.003 974.792
198.813 15.816 -0.000 -0.000 972.165
193.690 27.767 -0.000 0.003 1022.745
19.717 20.493 -0.001 0.003 979.000
69.006 6.492 -0.000 -0.001 1021.093
31.539 182.120 -0.001 -0.007 985.635
125.005 25.031 -0.000 0.001 1058.398
121.379 79.798 -0.000 0.003 1018.598
191.797 55.230 -0.000 0.003 1062.308
143.362 34.613 -0.000 -0.000 975.419
51.398 74.566 -0.000 0.003 1011.062
130.149 147.800 -0.001 0.003 961.765
196.882 113.135 -0.001 -0.002 976.446
72.733 27.696 -0.001 0.005 952.363
199.880 19.670 -0.001 0.004 1004.414
1.517 117.040 -0.000 -0.001 1062.014
158.334 171.197 -0.004 -0.001 1055.000
91.302 191.092 -0.000 0.004 1010.638
152.519 114.435 -0.001 -0.005 1094.285
58.651 61.218 -0.000 0.003 946.855
92.468 156.721 -0.004 0.003 963.887
155.653 142.675 -0.001 0.003 1006.126
184.931 60.605 -0.001 0.005 1074.372
47.828 87.982 -0.002 -0.002 1027.296
38.849 111.887 -0.001 0.009 935.720
80.198 102.789 -0.002 0.001 1007.124
17.323 159.129 -0.001 0.005 985.553
113.821 12.943 -0.001 -0.005 1010.585
79.172 69.932 -0.001 0.004 976.150
69.521 17.785 -0.001 -0.001 1119.065
75.275 72.664 -0.001 0.001 1001.631
47.470 5.752 -0.001 -0.006 978.416
169.210 1.326 -0.003 0.009 888.251
70.678 126.376 -0.001 -0.005 995.747
181.973 19.826 -0.001 0.003 1052.796
8.870 119.605 -0.001 -0.001 906.059
152.376 64.045 -0.002 0.004 1048.850
10.707 26.995 -0.001 0.002 1030.285
162.413 34.241 -0.001 0.003 1016.115
140.735 160.355 -0.001 -0.005 972.430
13.789 26.613 -0.002 0.008 1072.245
2.150 185.409 -0.001 -0.001 1003.136
117.628 198.330 -0.009 -0.002 975.602
4.175 112.441 -0.001 0.007 859.772
143.706 60.072 -0.001 0.000 990.979
98.995 13.180 -0.003 0.009 958.379
6.465 176.011 -0.002 -0.000 989.473
95.470 188.153 -0.001 -0.000 949.722
86.755 115.261 -0.001 0.004 934.482
45.099 176.397 -0.003 0.008 937.549
126.168 64.448 -0.001 -0.007 936.510
96.170 118.583 -0.001 0.005 996.296
76.048 173.244 -0.002 -0.003 938.382
140.393 138.924 -0.002 -0.003 1082.492
11.094 187.921 -0.001 0.001 992.337
57.289 101.187 -0.005 0.008 1090.496
139.254 103.576 -0.003 0.003 869.595
150.226 21.420 -0.002 -0.001 1029.043
148.406 151.042 -0.001 -0.003 947.016
159.508 28.343 -0.002 0.010 996.993
71.274 106.209 -0.003 -0.003 983.960
150.892 64.693 -0.003 0.009 1041.209
79.158 143.550 -0.002 -0.001 965.471
144.474 62.868 -0.003 0.001 1025.387
135.211 38.970 -0.001 0.000 1002.888
182.167 147.177 -0.009 -0.009 1040.744
140.276 63.140 -0.003 0.007 931.807
153.652 184.606 -0.001 -0.008 1054.480
178.416 175.652 -0.007 0.010 1083.222
116.826 120.117 -0.001 -0.006 992.181
135.400 47.053 -0.001 -0.013 994.993
197.537 131.693 -0.002 -0.002 1000.846
128.112 55.739 -0.003 0.003 1068.372
120.848 42.001 -0.002 -0.009 940.282
111.613 17.028 -0.005 0.005 993.878
68.652 120.479 -0.003 -0.004 990.496
95.597 122.482 -0.004 0.002 939.698
23.961 66.270 -0.003 -0.005 1031.257
113.865 82.934 -0.005 0.006 1011.085
134.568 81.569 -0.001 -0.013 1059.889
24.880 185.613 -0.003 0.009 996.441
172.056 158.971 -0.003 0.003 1024.270
9.258 129.401 -0.003 0.015 1052.131
120.970 179.528 -0.002 -0.013 957.966
144.151 129.297 -0.002 0.006 972.038
118.055 83.423 -0.002 0.002 998.142
56.881 60.196 -0.005 -0.002 954.547
7.872 163.026 -0.008 0.010 1030.396
100.195 112.917 -0.013 -0.017 1003.307
61.828 111.120 -0.003 0.008 1076.251
98.471 193.037 -0.004 0.006 922.814
75.237 2.654 -0.004 -0.003 878.559
92.749 146.169 -0.004 -0.003 936.036
90.938 141.577 -0.002 -0.001 970.105
149.483 62.032 -0.004 0.004 940.354
51.112 96.332 -0.005 -0.010 1006.857
179.113 76.050 -0.015 -0.015 1019.236
95.731 107.435 -0.004 -0.005 1014.946
186.494 142.065 -0.002 0.005 1087.838
27.710 95.319 -0.005 0.004 902.693
152.889 89.092 -0.003 -0.003 1021.801
112.937 136.229 -0.002 0.000 992.659
45.898 58.610 -0.002 -0.003 1033.866
147.393 191.764 -0.003 -0.004 988.576
178.968 100.431 -0.003 -0.011 1021.506
172.530 189.903 -0.002 -0.009 1066.695
56.375 9.268 -0.002 0.000 1065.787
115.674 31.476 -0.002 -0.019 1031.704
152.249 132.611 -0.003 -0.014 979.515
9.416 162.980 -0.003 -0.003 1006.935
111.914 21.248 -0.005 -0.001 970.074
16.764 53.230 -0.003 0.009 1011.756
47.918 102.210 -0.007 -0.006 946.535
154.278 25.831 -0.005 -0.012 994.540
153.766 56.593 -0.005 0.008 1005.137
46.098 192.938 -0.006 0.020 960.334
123.491 159.185 -0.007 0.028 936.658
140.380 103.611 -0.002 0.006 1014.739
94.106 36.841 -0.003 0.003 987.193
110.240 2.977 -0.003 -0.011 990.728
155.661 42.125 -0.002 -0.001 1013.323
25.669 188.905 -0.003 -0.009 983.465
88.194 121.912 -0.004 0.018 994.001
14.266 197.326 -0.010 0.017 897.142
24.479 170.772 -0.006 -0.003 983.990
102.593 44.432 -0.011 0.002 991.507
114.310 14.991 -0.005 0.009 1012.254
9.112 153.209 -0.004 -0.002 954.983
61.211 186.785 -0.024 0.003 909.374
19.822 116.389 -0.005 0.023 958.741
146.115 105.301 -0.002 0.013 941.708
48.962 53.200 -0.003 0.015 922.465
108.656 125.429 -0.006 -0.007 979.278
118.948 11.194 -0.004 -0.004 960.088
162.232 141.655 -0.004 -0.001 1014.921
163.739 170.368 -0.007 0.006 965.929
156.018 83.190 -0.005 -0.010 1080.976
124.308 81.532 -0.005 -0.016 1045.557
26.841 39.508 -0.005 0.002 924.062
145.826 26.531 -0.010 0.001 1019.513
81.543 20.774 -0.002 -0.011 1029.325
103.723 99.965 -0.003 0.008 965.801
151.146 170.498 -0.006 0.009 1031.641
35.701 110.609 -0.004 -0.004 1011.618
72.623 72.367 -0.005 0.018 940.857
28.979 7.208 -0.004 -0.020 966.164
68.613 145.947 -0.008 0.012 940.059
126.877 13.209 -0.013 -0.000 921.785
91.322 141.335 -0.002 -0.015 962.874
130.058 105.889 -0.003 0.015 1007.579
73.254 98.018 -0.005 0.001 1003.871
23.795 15.710 -0.005 -0.001 1093.371
185.735 198.455 -0.005 -0.003 908.948
155.333 149.623 -0.005 -0.006 1054.887
185.069 17.256 -0.004 -0.008 1013.873
108.451 128.905 -0.004 0.015 963.216
116.007 190.040 -0.001 -0.030 960.348
178.192 55.632 -0.006 -0.010 1102.841
166.186 148.561 -0.006 0.037 1007.504
99.407 23.509 -0.008 0.002 1064.194
196.942 41.047 -0.003 0.002 1045.639
147.273 99.680 -0.005 0.007 1008.362
177.736 187.775 -0.006 -0.022 1010.209
134.296 146.532 -0.005 -0.003 971.426
185.981 73.775 -0.003 0.029 956.142
87.725 125.228 -0.007 0.015 1046.345
188.367 192.998 -0.005 -0.030 930.651
31.793 109.159 -0.010 0.007 1010.218
136.521 78.608 -0.005 0.011 921.399
32.749 86.244 -0.011 0.000 1041.453
92.921 93.582 -0.003 -0.032 1045.275
147.836 11.026 -0.007 0.009 1013.424
86.749 150.425 -0.008 0.014 1107.952
59.810 152.355 -0.005 0.005 1060.115
196.400 89.079 -0.005 0.005 954.717
13.580 35.660 -0.004 0.012 1011.211
81.586 117.292 -0.007 0.011 1043.792
34.970 33.103 -0.003 0.022 1005.134
179.706 127.883 -0.002 -0.000 958.083
13.797 38.020 -0.005 -0.019 967.819
151.525 21.777 -0.009 -0.006 922.114
38.467 95.583 -0.003 -0.017 1035.685
81.305 58.602 -0.003 -0.006 1038.059
106.979 133.238 -0.014 -0.040 920.094
24.407 30.964 -0.006 0.007 1034.351
4.982 191.661 -0.006 0.000 1073.560
113.082 126.337 -0.005 0.006 985.992
93.158 77.779 -0.008 0.004 1019.281
140.596 185.649 -0.006 -0.026 944.270
34.340 99.126 -0.006 0.034 1060.204
124.145 101.103 -0.011 0.009 998.379
147.966 85.306 -0.005 0.002 1032.309
27.520 118.194 -0.003 -0.006 1030.169
60.626 125.448 -0.008 0.007 1023.580
115.082 31.140 -0.006 0.001 949.439
77.709 117.030 -0.008 0.001 936.448
171.874 74.455 -0.006 0.027 938.187
121.309 24.660 -0.006 0.007 954.215
49.685 58.855 -0.008 0.004 987.141
197.123 29.441 -0.006 -0.004 1004.256
117.454 137.045 -0.011 -0.010 1013.585
156.821 127.794 -0.005 0.004 1017.304
189.058 169.654 -0.004 -0.031 992.473
119.335 145.190 -0.011 -0.016 1002.997
118.601 41.005 -0.012 -0.022 1018.737
6.046 30.918 -0.007 0.030 1050.294
40.579 145.831 -0.008 -0.019 1064.948
96.748 55.224 -0.007 -0.005 1005.362
137.307 21.408 -0.003 -0.027 1003.797
175.114 26.417 -0.008 -0.015 936.934
120.196 93.046 -0.016 -0.017 933.596
68.240 23.170 -0.006 -0.028 1070.160
107.328 148.918 -0.004 0.024 960.632
110.819 1.580 -0.005 0.014 1042.425
186.877 52.537 -0.006 0.009 1022.429
61.734 150.778 -0.007 0.038 1010.146
184.091 67.430 -0.007 0.013 994.169
113.238 138.464 -0.009 -0.008 984.772
4.756 181.696 -0.009 0.008 943.506
93.400 138.000 -0.005 -0.011 1071.936
107.122 170.478 -0.007 0.017 1048.398
47.871 96.136 -0.013 0.045 983.108
169.647 174.681 -0.007 0.009 976.274
102.213 183.888 -0.021 -0.015 997.670
14.041 135.798 -0.008 0.038 985.058
52.949 136.571 -0.013 0.026 1045.292
177.690 102.568 -0.005 0.007 1010.245
113.053 188.209 -0.014 -0.010 1008.001
18.134 190.510 -0.006 -0.037 1037.966
187.925 58.697 -0.005 0.013 1101.258
72.586 197.315 -0.004 0.025 1032.910
113.233 76.187 -0.005 0.017 947.073
88.572 1.604 -0.011 0.011 1072.820
56.915 60.087 -0.010 -0.013 999.334
133.153 154.815 -0.009 0.046 969.266
162.300 60.182 -0.014 0.044 944.315
23.124 96.847 -0.003 0.023 987.723
141.844 82.243 -0.008 0.005 1030.438
106.101 47.225 -0.004 -0.012 1009.013
171.365 105.033 -0.017 -0.028 1031.393
31.309 195.544 -0.007 -0.013 1128.361
74.803 28.014 -0.008 0.017 1019.373
172.437 75.935 -0.008 0.012 972.329
98.382 150.700 -0.010 0.007 979.046
89.469 22.629 -0.010 -0.004 993.319
52.346 110.430 -0.007 -0.000 926.030
3.023 130.466 -0.006 0.029 980.291
190.533 1.071 -0.018 -0.016 1003.973
73.740 71.859 -0.007 0.014 941.506
9.739 54.629 -0.009 -0.002 1010.023
40.059 137.815 -0.006 -0.007 1022.169
97.682 33.031 -0.008 -0.009 940.965
171.351 138.913 -0.006 0.023 949.194
30.490 193.559 -0.004 0.047 962.283
19.377 58.641 -0.006 0.000 1000.848
130.959 181.000 -0.005 -0.015 983.434
63.440 134.183 -0.005 0.018 1020.414
160.782 135.624 -0.008 -0.005 1018.262
5.312 8.873 -0.016 -0.015 950.438
53.139 59.535 -0.019 0.010 1016.473
167.360 103.906 -0.008 -0.027 971.149
128.219 155.633 -0.005 -0.012 1114.768
175.988 100.472 -0.009 0.017 972.577
127.784 176.206 -0.010 -0.024 996.617
135.417 7.201 -0.003 -0.049 911.217
141.934 132.635 -0.021 -0.025 1024.503
42.144 192.460 -0.009 0.001 1053.790
148.888 178.339 -0.012 -0.000 1020.382
39.635 179.453 -0.019 0.009 1077.929
142.040 22.471 -0.008 -0.010 1050.150
95.472 159.867 -0.005 0.009 1042.750
96.854 154.891 -0.014 -0.003 955.411
82.894 178.163 -0.008 0.030 1037.546
6.619 189.159 -0.007 -0.004 1124.320
179.350 39.916 -0.007 0.048 1029.161
174.195 182.922 -0.013 0.007 977.715
48.703 82.327 -0.010 0.004 1091.743
150.399 101.614 -0.014 0.016 1010.923
130.394 106.495 -0.005 0.018 1003.690
150.955 103.531 -0.019 0.053 991.851
93.480 187.720 -0.007 0.036 1053.556
79.366 4.823 -0.008 -0.052 974.979
3.073 87.726 -0.014 0.005 956.806
11.740 104.491 -0.013 -0.003 926.993
162.807 72.214 -0.008 0.003 981.514
68.376 198.210 -0.014 0.007 846.059
176.985 162.307 -0.022 0.010 1071.187
83.335 66.616 -0.007 -0.021 1046.492
144.796 16.247 -0.003 -0.007 1039.073
11.331 115.957 -0.006 0.013 879.863
151.941 110.274 -0.009 0.002 942.561
188.611 81.542 -0.006 0.020 1038.674
15.532 37.409 -0.008 -0.045 1020.402
128.661 1.729 -0.009 0.011 1052.661
22.548 149.090 -0.010 0.021 1061.285
49.946 199.442 -0.008 0.029 965.191
58.294 109.699 -0.013 -0.026 1043.818
185.466 85.471 -0.006 -0.002 980.712
141.553 153.466 -0.013 -0.047 1083.533
91.405 152.868 -0.007 0.008 1006.186
68.696 134.145 -0.006 0.045 863.127
103.883 15.100 -0.005 0.011 992.897
133.363 34.490 -0.014 -0.020 1040.995
133.642 41.831 -0.009 0.009 984.827
197.115 69.544 -0.011 -0.007 1003.570
22.164 186.086 -0.016 -0.004 1074.044
168.710 157.287 -0.009 0.006 991.110
78.469 125.582 -0.012 -0.001 902.885
147.244 106.320 -0.012 0.006 1001.823
28.805 143.847 -0.014 0.005 1001.029
92.762 117.516 -0.007 0.016 1038.786
154.841 98.607 -0.018 0.039 1141.887
37.402 146.336 -0.011 -0.041 1017.366
86.158 198.755 -0.010 0.005 1005.548
191.964 112.505 -0.016 0.009 911.803
122.824 145.495 -0.007 0.034 1016.881
125.002 11.152 -0.020 0.004 932.666
174.865 53.218 -0.014 0.012 1068.344
21.696 129.922 -0.013 0.039 932.419
141.624 90.290 -0.006 0.023 992.606
16.824 77.933 -0.007 -0.014 978.199
35.376 23.840 -0.016 -0.026 948.182
81.967 45.003 -0.016 0.012 936.741
199.882 112.184 -0.012 0.009 1039.273
9.960 70.800 -0.006 0.012 1005.601
149.834 40.358 -0.012 0.014 927.230
49.112 61.416 -0.007 -0.019 966.408
40.764 113.621 -0.006 -0.020 994.970
134.067 151.703 -0.007 0.005 1052.559
16.008 161.798 -0.012 0.001 964.380
138.362 12.463 -0.006 -0.015 989.413
116.790 145.090 -0.012 0.006 930.021
5.862 57.260 -0.021 -0.006 996.356
178.540 37.218 -0.015 -0.001 1039.134
99.960 111.759 -0.021 0.002 973.970
138.821 162.702 -0.015 0.042 1014.093
129.403 26.146 -0.010 0.006 1030.909
72.990 17.499 -0.024 -0.013 874.832
162.506 76.938 -0.008 -0.011 1026.456
30.962 179.357 -0.015 0.030 1057.439
18.208 183.467 -0.011 0.028 1065.763
92.349 31.880 -0.017 -0.023 935.246
97.367 168.069 -0.014 0.006 1027.426
182.339 134.068 -0.012 -0.020 967.366
158.311 84.718 -0.012 0.036 1057.058
145.410 183.264 -0.014 0.034 1032.534
65.953 125.523 -0.012 0.037 1183.425
160.212 22.639 -0.011 -0.003 941.060
116.503 122.714 -0.010 0.009 989.807
183.672 73.020 -0.009 -0.014 1038.570
16.711 99.692 -0.018 0.021 1037.463
172.116 106.226 -0.011 -0.018 993.075
87.429 142.265 -0.017 0.024 1095.372
134.738 18.244 -0.011 0.030 1007.226
24.321 12.604 -0.021 0.015 963.018
134.501 123.469 -0.020 0.028 1083.065
138.556 77.616 -0.010 0.015 952.979
75.960 181.485 -0.011 0.011 992.864
57.196 53.039 -0.022 0.019 1000.797
31.995 120.547 -0.015 0.008 1028.690
145.509 107.918 -0.013 -0.019 1020.345
75.412 113.178 -0.011 0.009 968.388
102.566 118.290 -0.022 0.023 1008.557
80.091 39.664 -0.007 0.031 1032.797
140.156 42.005 -0.011 0.002 1079.589
55.216 84.341 -0.011 0.017 954.633
138.411 45.324 -0.030 0.028 1026.598
187.647 39.018 -0.014 -0.020 997.204
24.066 132.621 -0.016 -0.000 997.245
84.198 112.263 -0.011 -0.009 894.577
128.346 192.524 -0.017 -0.002 922.313
175.257 167.180 -0.011 -0.004 1045.771
188.199 155.459 -0.019 -0.003 1048.492
115.062 18.544 -0.010 0.045 1023.985
183.516 157.895 -0.014 -0.046 1012.701
17.339 199.568 -0.013 0.028 997.644
155.759 154.894 -0.015 -0.016 1008.225
97.351 73.768 -0.006 -0.005 943.078
22.678 52.624 -0.011 -0.051 919.469
195.484 99.843 -0.006 -0.045 1030.987
185.097 5.491 -0.021 -0.013 1015.614
65.757 23.781 -0.011 -0.035 996.707
82.695 88.230 -0.018 0.048 966.456
148.295 91.162 -0.013 -0.044 985.211
119.916 60.431 -0.009 0.014 962.763
171.876 36.448 -0.010 -0.030 1005.902
163.618 102.559 -0.007 -0.001 993.413
166.665 155.186 -0.006 0.065 1062.959
3.440 18.985 -0.016 -0.013 1138.421
122.233 86.327 -0.009 0.000 1045.321
88.304 7.331 -0.019 0.003 877.001
107.509 182.939 -0.011 0.008 1076.889
161.063 41.841 -0.011 0.032 1033.979
121.275 98.646 -0.016 -0.009 1016.255
97.238 37.992 -0.019 -0.056 1032.433
43.901 33.875 -0.006 -0.089 974.598
90.968 11.543 -0.016 -0.003 1060.921
167.511 131.994 -0.008 -0.013 1031.892
30.148 114.046 -0.011 0.009 1052.491
44.013 100.622 -0.013 0.016 1027.090
185.643 76.762 -0.016 0.001 968.292
106.068 86.517 -0.018 0.002 961.506
46.340 187.492 -0.007 -0.020 1041.815
25.161 185.492 -0.013 -0.022 1016.744
32.504 115.524 -0.013 -0.007 1022.029
100.105 44.402 -0.017 0.039 998.240
113.467 46.339 -0.017 0.006 1020.292
87.435 43.995 -0.019 0.004 1017.529
160.057 58.033 -0.010 0.013 1044.308
108.811 83.658 -0.011 0.042 999.403
156.454 184.139 -0.021 0.040 1074.753
199.789 48.276 -0.021 0.031 1042.463
188.555 31.953 -0.021 0.002 1032.327
195.485 119.258 -0.016 0.013 901.096
182.113 136.813 -0.013 0.003 1060.523
71.154 86.240 -0.016 0.013 1050.001
114.025 28.199 -0.018 0.016 985.588
3.307 62.952 -0.016 -0.038 1015.897
177.570 77.636 -0.009 0.048 1113.425
42.475 21.496 -0.011 0.083 939.212
22.851 67.442 -0.011 -0.011 1046.480
195.081 83.117 -0.019 -0.027 983.934
193.812 140.518 -0.011 0.002 941.696
55.672 72.181 -0.021 -0.011 1045.551
147.389 198.804 -0.008 -0.026 935.517
198.884 132.659 -0.028 0.023 1062.935
19.430 24.073 -0.007 -0.036 1041.894
13.529 198.031 -0.010 -0.038 892.558
99.547 56.322 -0.011 -0.005 996.719
79.803 124.675 -0.008 -0.021 1060.021
13.640 39.489 -0.014 0.007 1036.696
71.357 84.874 -0.006 -0.025 1004.748
15.784 26.321 -0.009 -0.037 1037.860
2.950 116.787 -0.014 -0.021 1032.409
174.953 10.780 -0.015 0.052 987.195
129.575 140.356 -0.016 0.008 1056.058
192.432 22.280 -0.016 0.012 992.939
134.925 128.219 -0.024 -0.048 959.623
115.613 123.816 -0.011 0.008 1006.129
50.857 100.073 -0.033 -0.031 982.723
6.151 14.408 -0.011 0.009 906.565
171.328 68.958 -0.008 0.054 1003.305
142.497 96.339 -0.015 -0.006 1097.737
34.156 44.440 -0.012 0.060 962.487
76.625 58.528 -0.015 -0.011 917.379
197.639 42.661 -0.020 0.029 993.206
123.730 41.523 -0.024 0.018 967.058
164.778 86.941 -0.009 -0.070 1003.799
178.019 74.756 -0.015 0.015 1043.527
143.520 58.357 -0.021 -0.015 927.353
99.497 42.775 -0.011 -0.042 976.391
151.761 137.062 -0.014 -0.002 902.279
173.914 196.905 -0.008 0.047 1010.224
132.448 109.539 -0.022 0.014 968.301
52.500 142.974 -0.013 0.010 1012.358
96.117 120.221 -0.028 0.028 971.875
198.180 88.772 -0.016 -0.015 955.844
182.814 75.370 -0.021 -0.013 996.637
26.592 109.755 -0.018 -0.014 996.144
13.937 61.495 -0.007 -0.061 1041.264
41.646 186.317 -0.020 0.013 932.406
180.995 147.813 -0.011 0.038 958.479
173.378 26.649 -0.028 0.014 949.319
85.876 99.113 -0.008 -0.007 1029.990
168.572 151.237 -0.035 0.036 1088.659
128.652 150.750 -0.017 0.011 1028.381
189.720 162.998 -0.012 -0.044 981.147
65.749 139.546 -0.013 0.038 971.151
101.985 117.541 -0.012 -0.025 968.032
21.250 169.494 -0.013 0.055 1014.606
156.809 43.918 -0.015 -0.000 956.465
59.606 167.358 -0.022 -0.053 998.131
174.329 67.208 -0.024 -0.001 1003.734
111.446 117.925 -0.010 -0.067 987.515
113.982 195.392 -0.013 0.029 1022.238
110.224 53.908 -0.022 -0.008 923.796
134.057 45.775 -0.014 0.050 1031.507
80.505 84.492 -0.028 0.022 901.219
199.625 11.256 -0.007 0.062 948.124
157.061 92.137 -0.019 0.028 1047.368
6.166 183.854 -0.018 0.014 1031.936
161.574 175.895 -0.011 -0.015 1005.723
117.954 188.654 -0.022 -0.005 1010.313
0.503 63.674 -0.022 0.007 986.187
148.784 45.220 -0.013 -0.006 1051.314
125.802 66.650 -0.009 0.092 1047.209
61.848 77.567 -0.020 0.025 914.704
42.744 158.705 -0.022 0.057 1034.224
162.060 177.684 -0.014 -0.050 936.900
87.789 130.492 -0.021 0.018 999.067
150.769 38.744 -0.014 -0.021 1070.912
53.206 34.044 -0.019 0.025 1038.424
176.127 26.407 -0.019 0.060 981.538
66.452 76.434 -0.023 0.029 964.684
57.074 127.016 -0.014 0.007 1012.101
163.373 112.208 -0.009 0.061 1015.282
13.765 35.558 -0.013 -0.051 993.491
108.387 101.422 -0.017 -0.001 1042.089
33.643 105.947 -0.021 0.017 888.349
86.532 75.974 -0.009 -0.023 1001.660
84.915 2.208 -0.020 0.050 965.382
38.127 186.620 -0.016 0.013 1077.102
173.130 169.062 -0.016 0.025 1051.871
135.849 188.860 -0.014 -0.003 1030.978
185.056 83.408 -0.032 -0.071 1033.742
144.812 163.652 -0.015 0.011 1022.605
36.968 170.083 -0.017 0.038 1031.083
102.108 33.029 -0.014 -0.014 1027.967
121.500 128.970 -0.014 -0.036 1024.003
169.750 193.047 -0.018 0.056 1034.499
74.070 116.146 -0.022 -0.045 943.373
179.699 160.007 -0.012 -0.014 1020.946
54.917 122.830 -0.034 0.010 969.870
79.889 124.227 -0.015 -0.044 1049.603
16.172 137.201 -0.011 0.065 990.294
65.788 121.596 -0.019 -0.003 1050.558
10.057 31.036 -0.017 -0.016 1032.155
191.369 135.891 -0.013 -0.075 985.755
12.151 83.968 -0.025 0.000 937.468
8.336 62.408 -0.020 -0.031 1003.091
4.339 36.014 -0.014 -0.005 1061.179
38.923 80.287 -0.020 0.002 947.701
148.193 189.600 -0.020 0.034 882.444
146.525 148.016 -0.028 0.014 1001.426
106.421 41.370 -0.023 -0.080 1035.928
18.865 174.700 -0.013 -0.009 1041.219
196.850 73.374 -0.009 -0.010 1055.105
156.636 66.346 -0.017 -0.028 1015.461
78.787 132.812 -0.014 -0.067 1019.535
35.894 185.770 -0.014 -0.009 986.676
90.670 165.211 -0.019 -0.008 962.432
84.529 192.860 -0.019 -0.039 1015.563
120.448 41.573 -0.021 0.004 1028.367
129.815 95.234 -0.014 0.067 1088.664
196.504 194.567 -0.015 0.028 987.744
69.533 108.684 -0.021 -0.008 965.464
100.435 18.867 -0.019 0.003 964.636
177.301 183.717 -0.029 0.040 921.375
187.798 75.712 -0.023 0.023 1025.248
180.191 127.104 -0.012 0.024 952.065
31.159 20.345 -0.010 0.024 1020.365
161.300 88.671 -0.022 0.013 991.721
77.777 24.455 -0.018 0.005 1011.819
152.376 110.577 -0.007 -0.116 889.819
166.910 196.663 -0.021 -0.003 1008.305
92.437 81.243 -0.017 -0.015 1040.352
67.422 136.903 -0.018 -0.079 1019.626
4.330 69.472 -0.039 0.026 992.183
197.571 9.313 -0.011 -0.016 985.131
128.950 56.565 -0.012 -0.051 1016.066
177.234 102.704 -0.025 0.035 971.443
149.437 137.720 -0.019 -0.026 994.994
188.392 166.156 -0.019 -0.034 1082.778
4.149 129.044 -0.012 -0.060 926.904
96.505 133.590 -0.015 -0.008 1049.807
91.075 65.594 -0.016 0.009 1094.421
177.404 199.116 -0.025 0.013 1056.806
172.651 158.104 -0.013 -0.037 1046.944
33.620 40.082 -0.013 0.083 1040.901
173.759 10.573 -0.018 0.010 987.424
82.324 85.012 -0.028 -0.001 1000.617
190.132 166.614 -0.034 -0.020 972.542
59.333 122.869 -0.022 -0.089 998.096
39.700 44.418 -0.010 0.026 1009.518
134.906 96.530 -0.019 0.009 1062.355
181.157 177.640 -0.016 0.007 1003.931
127.258 104.117 -0.013 -0.099 1012.350
14.939 14.197 -0.020 -0.088 1067.754
43.918 1.920 -0.015 -0.065 1004.476
121.135 67.603 -0.010 0.081 941.621
54.455 38.223 -0.019 -0.027 1005.276
64.826 74.004 -0.018 -0.075 1036.487
30.578 26.234 -0.026 -0.007 1047.463
146.856 93.396 -0.018 -0.053 1008.115
189.723 23.886 -0.021 0.015 1037.643
15.310 194.046 -0.019 -0.064 1018.610
84.961 7.596 -0.027 -0.019 990.630
169.193 74.239 -0.014 -0.077 1033.941
149.429 131.803 -0.009 -0.053 1095.980
25.074 47.677 -0.020 0.008 926.844
173.542 198.659 -0.014 -0.057 970.819
193.610 18.733 -0.025 -0.006 1040.911
67.548 129.934 -0.020 -0.062 847.200
41.565 180.730 -0.035 0.036 921.040
135.805 182.323 -0.020 0.106 941.815
40.833 122.920 -0.035 0.106 1000.613
170.349 13.673 -0.018 -0.030 993.636
183.402 187.989 -0.033 0.014 980.332
20.519 11.560 -0.029 -0.037 1054.058
190.433 123.670 -0.017 -0.035 1013.042
76.735 61.497 -0.014 -0.078 1026.582
197.790 55.887 -0.018 0.121 1023.376
117.208 159.530 -0.023 0.012 996.326
172.619 55.602 -0.024 0.051 1048.858
177.444 73.356 -0.016 -0.037 1059.591
181.093 78.502 -0.017 0.017 1013.910
26.385 19.805 -0.015 0.073 973.037
193.752 103.517 -0.013 -0.102 996.969
20.864 78.771 -0.017 -0.077 1032.915
93.083 114.712 -0.018 -0.002 986.481
55.577 165.066 -0.021 -0.005 1086.165
166.807 119.783 -0.014 0.066 938.060
171.244 147.733 -0.016 -0.012 989.386
21.757 129.552 -0.027 0.052 942.099
151.645 154.679 -0.033 -0.006 1041.978
3.567 71.002 -0.042 0.017 951.874
132.733 74.016 -0.021 -0.077 909.256
58.732 194.788 -0.013 -0.006 1074.512
175.708 21.082 -0.016 -0.031 1008.403
55.837 12.280 -0.031 0.013 980.284
67.452 95.093 -0.014 0.063 966.173
0.471 11.802 -0.013 -0.035 988.362
45.347 175.409 -0.022 -0.044 980.496
190.746 129.868 -0.015 0.039 979.081
19.496 154.979 -0.026 -0.035 887.864
40.149 182.917 -0.013 -0.017 1007.970
69.354 7.271 -0.017 -0.004 1015.977
126.135 166.234 -0.010 0.043 1012.614
46.298 36.265 -0.022 0.076 1007.463
3.216 139.364 -0.013 -0.028 1016.760
114.004 106.865 -0.016 0.000 1021.573
48.215 187.528 -0.011 -0.120 923.963
191.484 159.586 -0.013 0.069 1027.911
100.490 124.370 -0.017 -0.030 1039.947
101.867 142.722 -0.013 0.086 988.265
148.050 10.511 -0.032 0.070 1020.295
56.366 31.174 -0.011 -0.036 1031.623
55.589 65.398 -0.017 -0.010 999.259
71.287 68.786 -0.018 -0.061 990.846
170.679 184.651 -0.011 0.047 951.960
98.446 176.740 -0.017 0.023 973.911
33.600 103.369 -0.015 0.050 1025.318
172.599 169.697 -0.019 -0.063 1019.221
76.118 175.274 -0.025 -0.006 1068.008
4.321 43.951 -0.018 -0.006 1051.750
110.998 74.863 -0.014 0.050 978.144
36.168 142.304 -0.017 -0.007 910.098
135.655 86.761 -0.024 -0.033 969.534
50.846 129.430 -0.023 -0.014 1088.682
122.235 134.060 -0.020 -0.085 961.795
8.957 137.443 -0.013 0.016 972.951
180.765 182.445 -0.031 0.006 916.050
73.109 113.050 -0.029 -0.058 976.858
68.634 162.541 -0.023 0.038 1074.901
167.655 154.915 -0.014 -0.063 1053.601
83.894 17.095 -0.022 -0.016 1049.961
110.688 38.066 -0.016 0.038 1069.740
112.522 94.686 -0.022 0.007 995.111
14.522 7.146 -0.017 0.035 1034.843
26.943 29.246 -0.023 -0.031 910.052
132.754 185.921 -0.015 0.047 1018.150
162.360 52.829 -0.021 0.010 969.365
135.442 4.299 -0.020 -0.073 1034.205
163.056 174.116 -0.042 -0.022 914.165
38.891 23.702 -0.014 0.058 935.524
142.116 193.178 -0.032 -0.099 1055.328
63.448 194.525 -0.020 -0.013 885.331
4.005 134.420 -0.024 0.021 941.866
27.680 67.565 -0.019 0.005 956.026
19.414 182.097 -0.012 -0.098 994.889
30.566 139.438 -0.022 -0.038 973.602
63.999 148.898 -0.020 -0.023 974.846
128.288 85.051 -0.019 0.033 1055.173
28.979 119.905 -0.020 0.038 1049.621
186.648 39.347 -0.030 -0.036 1047.788
10.186 76.428 -0.019 -0.059 990.680
99.998 130.042 -0.016 -0.037 1038.098
67.691 28.020 -0.013 0.028 968.546
153.676 193.423 -0.017 0.032 997.070
39.631 46.414 -0.020 -0.049 989.928
52.605 81.791 -0.019 0.073 1047.436
92.708 117.410 -0.018 0.043 1122.058
141.638 44.534 -0.024 0.079 975.188
121.441 27.945 -0.025 -0.005 978.945
122.634 140.995 -0.038 0.030 1024.218
189.464 69.716 -0.015 0.094 1102.514
116.343 117.985 -0.016 -0.037 1043.614
116.057 7.982 -0.025 -0.003 1064.179
164.593 72.876 -0.014 -0.063 1002.519
65.600 108.021 -0.020 -0.014 1044.863
128.298 75.391 -0.014 -0.050 1092.060
119.433 84.238 -0.033 -0.031 1094.861
98.941 20.062 -0.027 -0.026 1005.367
22.223 43.079 -0.042 -0.021 1025.177
154.200 180.076 -0.036 0.003 909.754
157.101 31.743 -0.025 0.025 1040.493
67.370 186.254 -0.027 -0.056 922.641
171.638 186.554 -0.028 0.056 950.235
129.508 137.513 -0.039 0.014 961.990
136.122 13.711 -0.024 0.005 921.763
62.056 129.394 -0.025 0.027 1037.268
137.302 149.830 -0.027 -0.009 1036.149
75.947 138.788 -0.025 0.017 1006.461
5.361 175.643 -0.031 0.018 970.839
87.525 106.367 -0.021 -0.027 1060.980
127.263 172.628 -0.022 -0.082 965.360
14.683 101.345 -0.021 -0.044 1006.702
65.266 82.749 -0.024 0.060 1004.322
55.471 97.761 -0.013 0.052 968.818
51.041 102.320 -0.033 -0.103 1015.673
77.520 0.258 -0.024 -0.032 1121.684
176.714 156.413 -0.025 0.024 1064.800
6.991 112.236 -0.031 0.011 1002.217
187.537 155.037 -0.030 -0.030 1012.507
163.443 143.981 -0.022 0.008 1017.601
23.735 57.074 -0.013 0.078 984.381
84.240 164.213 -0.023 -0.005 1036.239
49.303 118.031 -0.019 -0.036 974.515
66.016 194.767 -0.023 0.018 985.561
149.583 25.925 -0.025 -0.017 1060.239
47.427 60.068 -0.028 -0.023 983.743
129.288 153.730 -0.040 -0.021 1072.800
130.331 155.754 -0.023 -0.054 1028.984
111.723 59.900 -0.031 -0.068 981.322
56.979 162.206 -0.022 0.036 1003.827
135.000 185.110 -0.039 0.014 1056.824
107.471 84.592 -0.019 -0.050 1048.299
13.309 41.155 -0.029 -0.082 1042.013
23.625 4.756 -0.021 -0.063 1029.036
62.882 82.999 -0.017 0.038 1050.508
19.831 85.301 -0.020 0.002 946.008
65.805 150.904 -0.024 0.040 974.298
33.268 120.554 -0.032 0.051 970.552
122.182 36.036 -0.046 -0.074 1007.718
29.196 2.933 -0.045 -0.023 992.317
47.175 37.463 -0.058 -0.062 918.082
34.396 156.712 -0.018 0.013 1030.805
179.285 86.718 -0.021 0.061 1014.649
77.559 178.886 -0.034 -0.016 1153.415
26.710 46.170 -0.031 0.016 1009.489
88.164 85.094 -0.033 -0.041 993.855
70.631 81.150 -0.015 -0.094 1023.813
38.158 30.900 -0.035 -0.018 955.483
171.590 34.592 -0.016 -0.030 1010.748
112.844 177.814 -0.029 0.053 953.010
164.531 97.370 -0.024 0.021 991.082
153.532 176.219 -0.029 -0.016 884.185
135.010 138.349 -0.014 -0.055 1052.929
199.018 123.487 -0.018 -0.052 970.243
197.721 183.271 -0.012 0.055 1109.547
16.960 121.161 -0.022 0.038 993.136
38.294 27.032 -0.027 0.028 1057.729
127.210 128.081 -0.030 -0.046 1012.852
117.378 23.158 -0.025 0.006 935.579
157.443 89.486 -0.034 0.003 954.950
147.718 108.460 -0.026 -0.083 968.609
154.086 195.219 -0.018 0.068 998.392
42.202 29.703 -0.015 -0.010 1064.151
124.285 99.699 -0.026 0.008 890.504
135.108 73.709 -0.023 -0.054 1024.748
63.407 69.137 -0.028 -0.037 1038.529
49.609 4.595 -0.016 -0.034 1016.150
180.020 111.351 -0.010 -0.145 1038.237
96.560 106.900 -0.019 0.035 997.271
50.693 186.521 -0.030 -0.043 1029.932
181.385 154.082 -0.026 -0.040 922.996
70.077 45.689 -0.025 -0.021 1070.890
47.925 174.603 -0.037 0.064 998.303
96.284 192.906 -0.048 -0.032 1065.652
24.583 35.022 -0.016 -0.081 950.167
100.860 135.797 -0.029 -0.091 952.349
188.636 45.600 -0.027 0.018 932.989
181.175 188.378 -0.037 0.003 994.243
113.941 66.875 -0.025 -0.049 1032.944
57.586 187.852 -0.020 -0.047 1040.574
120.870 112.469 -0.019 -0.036 888.658
132.014 153.660 -0.028 0.007 943.337
158.552 139.698 -0.030 0.083 906.399
149.167 199.244 -0.024 -0.062 1030.402
95.699 40.049 -0.025 -0.043 949.514
175.552 170.641 -0.029 0.097 987.282
56.361 146.328 -0.030 0.008 1012.582
197.428 111.225 -0.023 -0.072 1092.663
114.170 64.243 -0.027 -0.006 995.145
82.781 139.396 -0.020 0.088 935.122
19.493 103.660 -0.034 -0.130 992.997
101.971 151.020 -0.022 0.007 1020.901
171.658 182.917 -0.023 0.049 999.128
16.022 173.041 -0.021 0.031 958.976
48.964 59.872 -0.046 -0.028 1042.789
81.396 39.252 -0.028 -0.071 979.072
184.147 38.854 -0.016 -0.042 989.684
172.360 158.054 -0.036 -0.033 989.476
158.225 185.740 -0.039 -0.108 1005.787
186.919 82.310 -0.023 0.045 988.577
23.391 53.680 -0.025 -0.041 1044.331
137.164 184.285 -0.033 -0.000 977.148
49.804 1.347 -0.024 -0.016 994.429
121.083 18.923 -0.021 -0.009 1013.149
79.155 83.407 -0.028 -0.006 968.130
159.283 70.042 -0.035 -0.092 1001.502
82.738 194.581 -0.020 0.087 1023.580
48.909 188.804 -0.030 -0.073 971.544
48.237 8.768 -0.019 -0.025 1017.778
94.308 187.602 -0.033 0.093 1020.838
121.483 90.086 -0.033 -0.115 969.888
44.818 188.020 -0.031 -0.069 1027.066
92.915 187.773 -0.040 0.019 960.435
14.160 61.832 -0.033 -0.083 973.285
140.866 0.085 -0.043 -0.037 994.803
72.880 125.486 -0.020 -0.044 1009.486
59.291 81.888 -0.026 -0.004 1052.022
58.202 61.296 -0.026 -0.031 1015.316
5.268 107.075 -0.027 0.008 1036.341
93.740 180.646 -0.022 0.067 1019.363
42.653 59.909 -0.030 0.047 1075.039
115.215 10.526 -0.025 -0.080 943.733
118.666 36.306 -0.021 0.023 949.174
83.292 29.877 -0.033 -0.008 983.301
65.150 171.185 -0.036 0.070 949.071
52.446 110.128 -0.025 0.014 1112.664
145.079 11.261 -0.021 -0.039 1028.023
104.451 177.614 -0.012 0.068 1007.887
78.740 140.672 -0.043 0.037 954.816
73.552 110.595 -0.035 -0.021 1014.846
178.874 89.045 -0.024 -0.047 1077.245
81.356 28.229 -0.017 0.019 1033.889
157.225 87.132 -0.023 0.030 1028.108
16.816 139.420 -0.031 -0.075 1000.619
163.479 188.917 -0.036 0.011 1034.851
11.517 71.311 -0.033 -0.013 965.282
172.798 101.751 -0.021 -0.034 1015.776
156.435 151.604 -0.019 0.045 892.384
141.993 64.006 -0.027 -0.015 1039.685
8.532 48.164 -0.035 0.060 934.054
185.343 142.928 -0.022 0.015 914.906
115.536 59.026 -0.034 0.003 999.444
48.141 190.497 -0.045 -0.022 987.931
181.807 9.765 -0.030 0.074 979.432
187.507 194.938 -0.030 -0.057 1014.804
24.127 2.093 -0.051 0.029 985.274
105.570 8.075 -0.027 0.034 1012.744
13.687 188.475 -0.022 -0.071 1104.378
17.950 132.397 -0.019 -0.024 1037.080
183.205 43.414 -0.039 0.021 975.537
9.832 29.111 -0.034 -0.069 1027.143
26.885 20.420 -0.035 0.035 984.019
11.908 10.860 -0.020 -0.076 1069.199
150.672 17.241 -0.019 -0.039 1038.909
117.643 107.665 -0.031 0.010 972.031
89.403 139.069 -0.045 0.071 861.093
189.818 44.521 -0.016 0.133 1019.440
188.529 174.835 -0.027 -0.147 996.028
198.616 69.496 -0.025 -0.110 834.678
92.618 159.469 -0.022 -0.006 986.339
81.465 195.884 -0.034 0.121 1038.622
132.353 69.947 -0.029 0.086 924.907
158.615 94.815 -0.027 0.083 991.819
171.121 117.393 -0.034 -0.096 1011.675
12.265 36.407 -0.028 -0.114 963.134
136.093 48.039 -0.024 -0.136 996.628
117.685 25.482 -0.032 0.054 933.320
47.099 30.516 -0.029 0.016 954.779
88.636 195.445 -0.040 -0.003 926.758
70.338 111.408 -0.023 0.077 1100.504
68.195 74.210 -0.021 -0.110 983.424
111.485 60.797 -0.015 0.047 1082.266
58.206 154.312 -0.037 0.024 993.209
9.654 153.182 -0.017 0.059 1032.610
82.001 4.000 -0.027 0.003 1090.852
105.949 166.773 -0.038 -0.027 917.738
59.118 190.080 -0.022 -0.012 992.841
10.889 9.855 -0.045 -0.131 989.801
108.518 97.224 -0.035 0.024 1041.914
87.999 178.799 -0.037 -0.005 1096.671
58.325 46.994 -0.027 -0.088 941.883
190.174 0.802 -0.022 0.060 1007.340
61.296 134.836 -0.054 -0.023 960.091
20.722 191.391 -0.040 0.015 1070.909
199.674 152.442 -0.031 -0.018 931.831
189.273 193.618 -0.029 0.052 1060.316
79.113 132.725 -0.017 0.096 992.764
31.038 21.305 -0.034 -0.057 985.995
22.791 161.122 -0.020 0.006 1010.405
165.336 170.905 -0.031 0.041 1022.715
66.386 164.323 -0.020 -0.130 951.906
161.174 95.153 -0.031 0.033 1027.735
160.655 36.511 -0.025 0.023 1020.292
70.832 6.377 -0.020 -0.054 953.355
42.492 118.020 -0.011 0.157 1002.870
62.955 178.284 -0.038 0.061 984.496
4.803 141.073 -0.034 0.149 1051.613
117.969 30.221 -0.015 -0.076 992.552
20.758 61.123 -0.027 -0.170 970.775
27.774 2.903 -0.030 -0.010 915.927
81.582 148.393 -0.030 -0.108 949.066
173.505 106.839 -0.021 0.080 981.038
99.014 57.643 -0.031 -0.066 964.456
130.469 123.825 -0.024 0.065 1002.897
124.453 82.068 -0.039 -0.013 1093.897
84.360 2.262 -0.030 0.054 1102.979
122.054 173.287 -0.015 -0.028 1010.349
182.346 63.512 -0.028 0.030 977.073
44.429 80.983 -0.020 0.074 918.637
13.052 97.777 -0.029 0.072 1012.196
67.870 190.739 -0.048 0.023 953.243
123.238 98.511 -0.031 -0.065 994.774
185.631 44.370 -0.023 -0.080 952.904
6.715 160.053 -0.025 0.017 1020.648
148.798 189.450 -0.032 -0.039 1039.271
82.722 144.379 -0.028 0.023 940.511
4.436 121.105 -0.028 -0.023 1015.035
32.106 162.486 -0.039 0.023 943.492
183.108 60.626 -0.032 -0.017 969.866
53.205 5.025 -0.022 -0.016 1030.280
189.225 188.217 -0.029 0.055 995.635
115.274 84.510 -0.026 -0.023 1017.729
149.525 92.809 -0.029 -0.021 887.328
29.095 128.866 -0.023 0.038 1002.943
37.360 165.026 -0.033 0.012 973.775
132.775 3.603 -0.039 0.083 980.673
180.052 5.733 -0.027 0.100 958.345
48.936 108.355 -0.030 -0.060 1037.429
148.392 83.249 -0.037 0.014 975.131
124.569 145.585 -0.026 0.035 917.531
143.643 89.237 -0.020 0.085 983.406
86.393 198.458 -0.027 0.087 1092.855
133.822 63.390 -0.027 -0.076 950.580
7.252 97.408 -0.020 -0.136 1058.088
32.262 119.802 -0.054 0.016 985.995
62.212 59.418 -0.053 0.014 910.738
92.853 40.577 -0.024 0.054 1016.842
88.797 156.821 -0.022 0.088 982.637
153.624 123.219 -0.028 0.022 982.391
152.262 61.832 -0.021 0.133 1006.726
77.085 199.282 -0.039 0.001 839.941
177.321 89.122 -0.038 0.025 1052.144
101.215 126.177 -0.031 -0.051 1007.697
94.079 181.073 -0.040 0.005 1061.188
105.005 123.928 -0.028 0.037 949.900
71.606 69.180 -0.031 0.022 948.908
75.619 138.865 -0.021 -0.003 894.973
99.370 18.391 -0.033 0.036 981.066
170.380 111.129 -0.033 -0.026 914.375
84.809 166.822 -0.039 -0.001 942.400
107.161 2.185 -0.031 0.016 1054.632
10.416 74.486 -0.023 -0.043 1046.488
171.099 46.520 -0.055 0.037 944.963
195.937 143.176 -0.016 0.029 1017.167
199.844 131.772 -0.033 0.071 910.990
172.798 74.306 -0.035 0.021 1034.476
92.747 130.392 -0.027 0.028 1007.693
146.949 107.129 -0.040 0.007 992.749
178.914 175.700 -0.034 -0.045 1072.935
79.218 138.397 -0.033 0.000 1007.238
24.866 82.567 -0.023 -0.032 1020.651
116.583 58.587 -0.031 0.076 958.993
74.537 75.488 -0.028 -0.012 1035.653
140.960 18.008 -0.027 0.032 1058.889
179.292 61.439 -0.027 -0.003 1057.311
111.559 164.983 -0.024 -0.047 1066.225
110.655 110.163 -0.029 0.087 1003.741
190.103 60.399 -0.023 -0.069 976.435
82.951 114.796 -0.026 -0.055 1008.937
164.919 53.636 -0.042 0.041 1001.260
15.028 96.915 -0.036 0.014 1004.934
158.511 55.787 -0.045 0.003 976.713
115.944 176.510 -0.031 -0.138 1034.974
10.578 114.645 -0.054 0.020 975.078
169.375 195.569 -0.028 -0.083 1027.556
99.550 191.176 -0.033 -0.001 1003.617
176.144 134.556 -0.041 -0.021 1061.617
105.127 23.300 -0.033 0.034 1030.204
82.989 41.213 -0.040 0.062 964.060
64.130 146.968 -0.027 -0.001 913.408
146.232 106.137 -0.032 0.048 945.496
47.499 28.918 -0.035 0.063 940.706
85.446 140.194 -0.046 0.008 1136.721
74.138 96.798 -0.044 0.084 1022.256
28.835 196.670 -0.039 0.009 1017.241
39.287 129.353 -0.036 0.051 1054.214
29.810 55.828 -0.029 -0.017 942.888
140.844 143.068 -0.025 0.042 1042.617
31.616 39.407 -0.044 -0.115 933.853
96.215 140.818 -0.043 0.017 872.774
5.475 145.049 -0.026 -0.026 988.900
60.932 164.890 -0.032 -0.010 926.129
64.960 199.229 -0.038 -0.004 1018.847
133.994 48.062 -0.035 0.073 958.991
0.442 167.567 -0.035 0.006 957.640
186.725 30.407 -0.024 -0.053 1036.522
135.605 176.296 -0.062 -0.011 960.477
178.530 189.073 -0.026 -0.019 1040.144
164.362 72.949 -0.030 0.134 1010.043
129.961 106.676 -0.027 0.047 963.571
78.844 77.862 -0.026 -0.078 968.328
56.273 42.961 -0.043 -0.045 1014.632
112.459 67.685 -0.045 -0.103 889.873
188.464 67.669 -0.035 0.008 1025.145
188.953 126.531 -0.021 0.068 1001.112
112.167 162.668 -0.031 0.079 972.840
194.325 160.823 -0.025 0.052 1030.558
189.621 144.208 -0.050 0.020 1087.311
133.896 163.979 -0.030 -0.084 1060.819
27.998 199.530 -0.014 0.135 1005.052
126.569 100.023 -0.037 0.141 936.718
70.386 90.071 -0.026 -0.074 958.989
20.125 127.898 -0.037 -0.135 1006.383
73.210 54.032 -0.033 0.031 1034.229
8.327 175.578 -0.032 0.011 1002.022
9.123 178.655 -0.032 -0.021 1031.780
117.468 175.058 -0.026 -0.093 1019.189
183.566 140.063 -0.030 -0.000 968.248
48.940 165.289 -0.048 0.092 932.319
91.128 97.436 -0.028 -0.024 1015.383
45.404 118.117 -0.031 0.007 1046.210
195.946 57.341 -0.026 -0.095 1033.681
128.626 191.545 -0.030 -0.070 997.935
124.058 122.666 -0.030 -0.037 1005.745
108.812 75.253 -0.027 0.124 1069.463
47.375 41.632 -0.055 -0.022 955.781
158.715 43.774 -0.034 0.009 977.524
131.677 2.915 -0.040 0.036 1075.010
20.056 12.619 -0.032 -0.045 961.007
143.148 145.648 -0.026 0.136 973.662
52.070 141.548 -0.030 0.116 1004.746
146.071 69.092 -0.038 0.017 998.886
6.269 7.295 -0.033 -0.088 1073.886
149.336 114.573 -0.023 0.103 993.092
14.342 171.731 -0.032 0.008 975.307
182.638 184.145 -0.038 -0.006 1080.659
40.970 151.407 -0.030 0.126 1041.784
88.264 154.183 -0.021 -0.024 1015.941
69.801 82.451 -0.034 -0.018 983.798
85.535 156.752 -0.044 0.016 1033.661
136.531 112.458 -0.028 -0.096 999.127
24.079 77.468 -0.036 0.056 943.699
158.586 67.809 -0.032 0.036 968.128
63.538 66.863 -0.031 -0.151 903.608
145.930 27.424 -0.041 -0.045 941.012
152.933 20.578 -0.025 0.069 1068.988
100.611 34.508 -0.034 0.035 1003.051
75.843 84.802 -0.019 -0.189 1041.518
174.606 197.375 -0.039 -0.032 985.536
90.765 90.062 -0.034 0.102 981.207
161.935 190.130 -0.044 -0.179 962.133
5.838 152.476 -0.025 0.082 990.055
155.034 170.172 -0.043 -0.027 1050.354
45.854 42.444 -0.042 -0.045 1011.067
4.665 100.176 -0.038 0.044 998.743
190.964 104.079 -0.030 0.003 1017.729
136.134 68.612 -0.027 -0.052 1013.779
180.911 132.096 -0.053 -0.010 908.591
156.203 193.187 -0.039 -0.053 1023.196
103.212 169.877 -0.030 0.031 948.351
111.208 140.257 -0.039 0.069 970.615
187.710 28.574 -0.049 0.039 936.727
88.980 141.418 -0.051 -0.021 933.666
134.719 114.145 -0.027 -0.153 1005.691
137.949 14.593 -0.034 -0.024 959.602
46.655 123.267 -0.036 -0.068 995.747
16.845 197.015 -0.032 0.085 1005.562
9.091 105.747 -0.034 -0.086 1056.802
19.947 199.782 -0.030 -0.061 985.063
17.775 186.396 -0.026 -0.000 940.557
183.971 187.188 -0.029 -0.038 996.638
153.282 39.486 -0.041 0.040 939.585
186.810 104.907 -0.035 -0.074 1000.260
125.482 138.943 -0.042 -0.071 944.402
141.551 20.289 -0.035 0.006 926.000
153.286 137.639 -0.042 -0.010 940.826
72.004 134.575 -0.037 0.163 1040.681
119.598 116.182 -0.055 0.019 969.635
147.387 151.477 -0.040 0.015 948.198
157.451 137.331 -0.052 0.035 1017.771
119.939 96.591 -0.033 0.020 1040.542
75.590 170.495 -0.046 0.121 1063.256
110.518 78.332 -0.039 0.044 898.959
94.849 157.383 -0.033 0.136 1018.965
188.126 184.763 -0.038 0.119 1027.032
126.585 130.305 -0.043 -0.177 930.187
162.348 143.897 -0.045 0.035 1016.103
71.234 108.589 -0.028 -0.019 1060.096
1.361 102.868 -0.040 -0.034 978.883
35.049 196.582 -0.051 0.019 932.685
148.457 54.337 -0.036 -0.065 995.443
84.939 81.279 -0.047 0.023 989.258
125.217 101.204 -0.037 0.043 1055.276
173.261 97.146 -0.034 -0.075 975.590
115.185 70.383 -0.043 -0.055 1117.096
104.824 196.764 -0.056 -0.007 905.662
60.859 36.188 -0.032 0.045 1036.827
152.445 196.480 -0.039 0.004 1038.306
64.353 146.760 -0.053 0.029 1143.298
196.173 44.142 -0.033 -0.133 1003.298
114.192 61.537 -0.044 -0.004 962.332
129.645 118.595 -0.048 -0.090 939.195
-0.002 187.667 -0.055 0.003 1056.242
191.517 165.204 -0.023 -0.012 958.703
199.043 185.249 -0.024 0.087 1046.440
2.908 17.913 -0.036 -0.022 1007.945
22.460 143.975 -0.037 0.005 1012.817
120.165 161.505 -0.047 -0.015 972.030
91.371 91.570 -0.035 0.022 1009.957
141.186 38.131 -0.045 0.006 989.977
150.920 45.832 -0.021 -0.002 994.893
135.995 28.738 -0.026 -0.045 1028.059
168.442 83.238 -0.040 -0.040 1068.758
129.294 93.505 -0.051 0.091 988.540
67.426 159.376 -0.042 0.146 999.045
3.197 140.302 -0.059 0.026 963.281
99.912 198.697 -0.031 0.010 1008.228
172.646 190.445 -0.027 0.183 950.389
15.721 107.729 -0.033 -0.103 1075.634
187.981 92.279 -0.027 -0.211 947.339
77.506 93.552 -0.020 -0.201 967.481
188.841 86.500 -0.029 0.086 897.334
122.582 146.928 -0.036 -0.015 1016.199
13.896 103.132 -0.036 -0.001 1094.016
130.944 69.419 -0.035 0.053 1087.783
113.665 195.536 -0.049 0.038 1019.177
56.207 8.225 -0.029 0.040 1051.376
26.409 18.978 -0.038 0.062 927.015
18.844 77.579 -0.035 0.004 1103.039
64.305 94.771 -0.031 0.068 1042.853
128.830 23.314 -0.021 0.092 1001.849
181.415 116.507 -0.022 -0.016 968.144
124.545 132.347 -0.035 -0.111 1095.647
132.931 130.993 -0.032 -0.014 1008.170
162.676 139.171 -0.026 -0.012 1009.677
143.674 23.342 -0.036 -0.006 958.896
194.314 48.283 -0.034 0.011 1021.318
191.650 143.739 -0.048 -0.038 991.736
137.956 70.322 -0.048 0.025 912.816
123.451 58.071 -0.042 0.022 1041.784
88.577 9.948 -0.025 -0.026 938.902
117.229 138.469 -0.029 -0.110 915.744
50.497 117.440 -0.028 -0.117 1041.205
126.904 113.486 -0.051 -0.082 1034.757
121.590 147.620 -0.042 -0.017 938.942
22.080 57.618 -0.039 0.045 1037.123
135.915 4.764 -0.025 -0.045 993.010
149.892 108.995 -0.044 0.125 965.527
92.305 24.258 -0.052 -0.007 979.586
41.509 42.589 -0.041 -0.032 992.737
35.425 116.126 -0.052 -0.054 1003.971
64.558 88.888 -0.040 0.025 979.634
4.094 155.411 -0.034 0.149 965.210
192.640 168.563 -0.047 -0.072 978.510
180.375 162.039 -0.034 -0.048 1030.490
59.818 190.629 -0.043 0.032 993.633
0.650 44.372 -0.050 0.019 910.760
8.108 33.364 -0.038 -0.105 950.116
87.784 73.465 -0.039 -0.017 1008.084
40.096 116.421 -0.036 0.018 1015.014
4.386 46.796 -0.043 -0.005 908.754
52.950 125.386 -0.049 -0.011 997.492
130.553 58.889 -0.046 -0.042 933.956
21.361 129.797 -0.039 0.062 928.122
32.105 2.936 -0.065 -0.073 1051.815
60.695 181.231 -0.030 -0.035 1026.453
94.788 110.263 -0.043 -0.051 996.997
109.557 85.704 -0.055 0.014 905.673
80.488 31.199 -0.037 -0.011 1030.819
182.912 39.646 -0.026 0.116 1010.134
75.546 85.277 -0.035 -0.169 1029.046
32.967 93.711 -0.047 -0.128 1000.902
176.444 167.868 -0.038 0.090 919.246
77.869 90.971 -0.025 -0.118 948.024
86.260 36.539 -0.043 -0.143 977.743
136.300 171.026 -0.037 -0.006 962.001
78.340 5.033 -0.052 0.002 994.899
149.692 188.964 -0.034 -0.128 1002.124
189.217 36.150 -0.043 0.038 986.589
198.676 190.107 -0.045 0.005 932.486
148.957 36.088 -0.038 0.072 1038.200
3.300 176.743 -0.031 -0.101 962.007
189.023 47.690 -0.031 0.117 1067.987
105.295 142.933 -0.048 0.025 1019.037
1.011 189.881 -0.050 0.042 1061.705
40.016 13.538 -0.038 -0.050 999.120
78.866 27.119 -0.043 0.089 1027.746
109.801 91.420 -0.050 -0.019 960.230
51.273 6.244 -0.029 -0.051 1087.310
198.536 0.469 -0.037 -0.048 1089.504
150.570 84.857 -0.045 0.011 1047.713
86.370 7.484 -0.032 -0.032 1018.400
123.726 33.440 -0.028 -0.062 1020.228
47.880 40.485 -0.039 0.086 1003.999
140.279 140.170 -0.035 -0.076 923.444
101.333 17.909 -0.035 -0.088 1043.804
199.351 31.876 -0.037 0.194 1035.648
168.926 38.727 -0.020 -0.175 1005.393
166.520 198.639 -0.041 0.030 1034.347
133.086 169.252 -0.037 0.154 1016.462
186.226 142.902 -0.057 0.094 1129.639
74.799 126.586 -0.045 -0.002 996.106
129.570 113.388 -0.041 0.240 911.927
143.128 183.399 -0.025 -0.102 934.547
101.538 161.044 -0.050 -0.081 970.550
67.653 121.901 -0.040 0.008 975.974
109.264 30.246 -0.051 -0.105 1006.405
89.155 111.710 -0.016 0.243 979.073
83.835 106.367 -0.053 0.017 1078.781
149.353 88.095 -0.036 -0.066 1003.203
82.819 149.217 -0.042 0.015 1015.597
114.407 62.763 -0.045 -0.101 962.561
170.811 183.025 -0.048 -0.065 915.484
59.807 32.248 -0.057 -0.010 926.217
150.027 139.336 -0.028 0.195 987.352
43.706 77.180 -0.033 0.096 1074.863
110.265 58.860 -0.031 -0.127 966.033
54.452 105.206 -0.037 -0.070 960.834
186.286 8.220 -0.044 -0.067 938.316
26.898 11.530 -0.058 -0.008 991.035
183.972 0.838 -0.046 0.043 957.759
157.284 70.841 -0.046 -0.070 972.372
171.037 69.999 -0.032 -0.017 1051.301
142.760 11.305 -0.041 0.023 1028.718
93.344 121.775 -0.037 -0.001 1078.250
57.055 133.671 -0.041 0.006 1104.574
177.981 46.540 -0.047 -0.004 968.308
171.750 58.647 -0.059 0.048 1018.508
152.285 94.449 -0.043 -0.002 985.806
173.628 177.911 -0.052 0.012 920.224
156.635 151.710 -0.037 -0.127 1053.432
13.043 197.283 -0.033 -0.035 972.241
120.233 30.934 -0.049 -0.069 1034.603
125.761 192.212 -0.038 -0.050 970.482
27.433 6.295 -0.053 -0.063 923.757
196.915 55.349 -0.043 0.018 948.188
130.427 79.995 -0.028 0.186 968.519
115.568 169.089 -0.040 -0.115 939.357
176.317 55.103 -0.023 0.186 988.742
184.641 103.422 -0.054 0.024 984.131
59.446 164.690 -0.042 0.056 1153.738
185.263 121.168 -0.052 0.077 915.665
74.349 54.258 -0.062 -0.014 1096.596
179.483 172.909 -0.045 0.049 977.275
10.006 38.771 -0.038 0.106 1022.462
97.815 57.414 -0.045 0.097 956.105
134.756 7.377 -0.055 0.026 952.928
195.535 139.016 -0.039 -0.122 1014.264
80.093 141.985 -0.049 -0.103 1016.742
69.423 21.067 -0.037 0.185 1023.303
77.041 96.734 -0.061 -0.007 1012.476
74.828 166.163 -0.039 -0.003 895.436
122.716 166.405 -0.034 -0.104 981.866
57.862 111.433 -0.034 0.104 1100.401
163.375 190.499 -0.044 0.033 1020.813
75.267 22.260 -0.031 -0.021 1072.743
27.500 114.612 -0.053 0.089 1000.319
118.383 89.832 -0.037 -0.031 1027.907
135.407 5.121 -0.048 0.107 997.257
79.462 121.889 -0.029 -0.043 1048.686
86.034 116.348 -0.039 -0.037 1018.216
38.843 9.781 -0.045 -0.121 1024.304
143.038 85.769 -0.051 -0.127 1039.200
160.327 143.282 -0.048 -0.003 1037.913
75.320 32.968 -0.042 0.023 965.534
180.524 90.670 -0.039 -0.056 1042.235
181.857 156.325 -0.055 -0.039 980.625
46.772 37.470 -0.044 -0.061 1010.734
22.978 76.338 -0.056 -0.012 893.609
155.406 144.175 -0.030 0.033 992.762
155.490 17.283 -0.049 -0.029 905.511
27.346 112.063 -0.050 -0.005 927.679
179.814 45.038 -0.032 -0.107 1037.175
94.424 80.167 -0.040 -0.078 1096.941
19.260 33.159 -0.052 0.031 950.992
97.226 103.987 -0.053 -0.011 1025.493
117.821 108.835 -0.049 0.050 1060.702
43.240 11.049 -0.067 -0.013 987.992
83.207 25.645 -0.050 -0.014 1111.875
16.913 144.302 -0.028 -0.111 964.407
65.675 147.513 -0.054 0.011 1015.172
68.531 89.741 -0.068 -0.088 1043.929
169.538 147.369 -0.034 -0.048 1040.028
92.179 101.586 -0.048 -0.001 1047.649
138.473 111.686 -0.053 -0.111 1075.617
195.417 23.689 -0.041 -0.083 1018.999
187.939 12.264 -0.031 -0.033 1006.480
53.615 169.031 -0.041 -0.071 1054.236
24.804 193.954 -0.032 0.104 978.912
26.947 167.282 -0.046 0.000 1095.117
19.999 143.838 -0.054 0.189 988.496
90.582 176.176 -0.055 0.030 968.249
173.968 80.680 -0.039 -0.110 941.053
9.303 37.063 -0.048 0.035 1019.663
16.546 153.877 -0.048 0.037 921.763
172.227 74.387 -0.034 -0.096 931.269
52.710 67.081 -0.054 -0.039 924.185
184.331 190.887 -0.032 0.062 915.573
72.982 153.183 -0.055 0.127 899.808
36.362 95.251 -0.052 0.004 957.536
0.578 169.107 -0.042 -0.087 985.742
81.423 44.952 -0.046 -0.032 965.379
198.962 188.638 -0.053 0.001 1048.105
76.485 187.351 -0.034 0.224 988.018
19.069 117.972 -0.030 0.211 887.809
87.415 184.099 -0.034 0.146 971.883
48.090 14.751 -0.036 0.149 949.838
138.185 147.102 -0.033 0.155 1029.963
101.095 147.520 -0.047 0.116 934.045
110.392 136.171 -0.037 0.019 999.754
148.215 92.338 -0.045 0.060 935.593
199.627 149.062 -0.047 -0.133 1092.408
121.280 19.405 -0.034 0.135 932.483
119.191 66.193 -0.054 0.026 915.384
192.590 55.771 -0.038 -0.040 1004.118
118.735 129.592 -0.045 -0.220 1004.561
54.415 101.170 -0.034 0.054 973.543
165.527 175.757 -0.050 -0.023 960.047
14.185 175.471 -0.039 0.074 1107.192
13.268 103.675 -0.020 0.175 1004.460
56.263 11.377 -0.036 -0.037 1047.561
50.904 163.280 -0.025 -0.212 989.277
47.239 158.411 -0.026 0.075 1050.244
29.622 158.512 -0.029 0.054 1016.423
7.100 34.359 -0.032 0.020 1058.302
117.616 31.727 -0.029 -0.088 978.585
66.223 66.815 -0.062 -0.048 980.621
70.336 45.107 -0.041 -0.001 1063.942
192.173 104.325 -0.053 -0.026 1028.568
15.005 47.027 -0.046 0.016 999.361
115.221 196.734 -0.028 -0.140 1030.690
13.317 94.742 -0.036 0.008 1013.636
90.896 161.463 -0.050 -0.021 1048.080
163.005 64.322 -0.044 0.145 959.713
81.620 61.927 -0.052 -0.036 992.978
69.308 69.041 -0.060 -0.016 974.762
71.368 137.350 -0.050 -0.118 991.982
54.368 189.722 -0.046 0.209 983.075
134.652 141.766 -0.045 0.016 984.290
111.470 111.326 -0.048 -0.120 966.810
115.679 192.878 -0.038 0.145 992.145
143.445 141.213 -0.037 0.112 955.728
171.639 87.083 -0.030 0.127 1043.125
30.155 119.713 -0.052 -0.168 1029.600
149.172 165.831 -0.058 -0.026 936.570
65.242 139.633 -0.049 -0.062 996.035
9.388 86.973 -0.037 -0.064 956.919
47.570 66.198 -0.029 -0.024 986.125
109.262 58.591 -0.050 -0.172 982.866
177.921 80.512 -0.041 -0.032 1025.929
3.318 65.998 -0.043 -0.033 999.035
76.423 121.753 -0.059 0.033 975.788
84.592 186.039 -0.044 0.058 955.186
23.783 178.461 -0.042 -0.027 951.199
63.581 46.242 -0.053 -0.067 1070.839
107.131 126.244 -0.062 0.037 939.413
185.166 103.855 -0.038 0.094 1057.056
51.893 151.888 -0.054 -0.035 962.483
44.508 184.809 -0.042 0.049 978.560
4.738 55.734 -0.042 0.011 1048.475
23.777 56.262 -0.058 -0.051 1006.192
59.450 126.149 -0.047 0.069 959.640
132.951 107.038 -0.038 0.140 1062.118
4.888 145.912 -0.062 0.051 957.839
19.671 64.598 -0.030 -0.116 1090.039
57.399 25.704 -0.044 0.062 1050.879
159.678 92.135 -0.030 -0.028 1000.694
96.832 15.402 -0.039 -0.089 990.664
106.204 32.459 -0.053 -0.053 992.792
152.376 195.173 -0.057 0.037 1046.773
60.050 111.685 -0.041 -0.109 953.627
134.974 166.822 -0.055 -0.017 1121.043
99.093 1.452 -0.032 0.046 1032.446
130.374 130.819 -0.035 0.143 985.418
177.707 54.271 -0.039 -0.079 1010.695
153.653 132.665 -0.053 0.013 1007.913
64.266 80.130 -0.036 -0.020 1037.797
155.475 171.094 -0.034 0.098 978.745
45.859 149.722 -0.050 0.115 999.630
71.631 108.704 -0.035 -0.118 1079.704
136.067 26.249 -0.064 -0.085 902.156
179.470 146.101 -0.056 -0.001 1026.917
8.788 39.416 -0.077 0.006 956.966
127.823 98.896 -0.030 0.096 953.923
0.648 90.791 -0.042 -0.119 1015.827
137.817 162.733 -0.033 -0.096 986.271
173.720 81.606 -0.071 0.031 1006.665
160.964 132.307 -0.043 -0.055 1024.919
127.070 131.534 -0.045 -0.002 1031.413
158.165 146.126 -0.052 -0.117 926.979
3.312 158.657 -0.064 0.006 897.006
36.872 106.442 -0.055 -0.101 998.907
65.988 60.290 -0.024 -0.026 994.173
67.648 35.593 -0.052 -0.041 1080.428
159.256 146.296 -0.050 0.114 988.996
101.981 127.036 -0.046 -0.055 1062.864
114.401 130.874 -0.069 -0.047 998.011
12.490 193.845 -0.043 -0.101 1028.887
187.849 151.498 -0.034 0.100 1000.225
184.561 54.140 -0.083 -0.033 990.064
189.938 115.231 -0.043 0.057 975.563
159.260 100.689 -0.058 -0.085 951.616
51.173 125.097 -0.050 -0.114 1026.651
64.426 85.920 -0.057 0.030 1031.177
57.424 188.932 -0.027 -0.028 957.537
80.118 131.731 -0.046 -0.057 939.812
147.655 94.715 -0.058 0.068 1097.674
106.271 122.705 -0.044 -0.055 1101.515
36.610 110.588 -0.065 -0.034 1023.344
100.149 58.611 -0.060 -0.099 934.730
124.042 31.475 -0.039 0.164 924.346
63.811 40.010 -0.049 -0.010 928.754
196.222 87.110 -0.048 -0.060 853.627
170.733 105.862 -0.036 -0.067 1030.868
102.216 56.897 -0.061 -0.070 1071.152
183.366 62.892 -0.061 0.015 1033.550
151.489 85.396 -0.052 -0.000 1055.907
117.885 173.050 -0.051 0.193 960.619
164.041 47.920 -0.040 -0.120 1058.749
179.292 15.944 -0.050 0.164 985.918
158.316 8.785 -0.031 -0.025 1027.084
177.871 122.337 -0.046 -0.004 952.634
107.777 40.127 -0.050 0.029 940.781
153.213 12.470 -0.062 -0.034 996.665
122.043 109.987 -0.052 0.081 1061.100
156.738 36.609 -0.046 -0.000 974.832
166.208 160.763 -0.075 0.040 1034.164
103.053 99.571 -0.044 -0.041 979.838
34.380 74.946 -0.060 0.003 1033.700
20.148 88.206 -0.055 -0.019 996.466
16.127 60.476 -0.047 -0.024 1066.789
4.230 165.545 -0.063 0.058 885.313
8.839 172.737 -0.036 -0.056 996.794
100.500 185.646 -0.030 0.009 1021.651
79.549 180.923 -0.057 -0.007 955.341
112.156 172.030 -0.066 0.004 943.151
122.656 133.011 -0.067 0.128 963.043
2.702 122.856 -0.067 0.063 952.284
24.009 186.628 -0.045 0.027 1069.098
76.398 28.678 -0.051 0.083 949.249
173.237 12.418 -0.031 0.212 973.404
147.780 163.646 -0.024 0.141 991.040
24.924 44.807 -0.035 -0.061 988.431
108.706 163.341 -0.041 0.005 999.110
49.382 149.545 -0.036 0.158 942.985
5.827 151.694 -0.059 0.049 1011.921
196.575 154.762 -0.047 0.069 971.725
83.919 136.630 -0.046 -0.118 1038.091
56.071 124.168 -0.040 0.024 1051.723
181.724 16.223 -0.036 -0.063 858.537
165.143 58.996 -0.040 -0.022 936.996
104.332 8.716 -0.061 -0.064 995.360
94.013 43.033 -0.031 0.162 1005.329
106.018 14.440 -0.042 0.179 1049.191
122.112 88.901 -0.051 0.042 938.125
157.966 193.945 -0.047 0.047 951.187
25.312 160.421 -0.036 0.001 1117.937
15.491 130.722 -0.050 -0.024 1049.432
109.439 40.346 -0.034 0.079 1044.200
33.546 198.001 -0.044 0.198 1001.489
49.900 108.524 -0.049 -0.042 1045.173
91.145 134.374 -0.038 0.195 1002.021
81.506 48.097 -0.049 -0.131 1015.039
169.012 143.461 -0.055 -0.133 1040.026
136.770 151.519 -0.049 -0.025 1006.980
0.256 197.710 -0.036 0.129 1033.076
17.603 18.212 -0.038 0.100 1048.557
16.977 175.996 -0.034 -0.100 945.914
139.049 91.458 -0.066 0.005 1016.445
83.174 153.161 -0.068 -0.014 938.963
130.413 131.021 -0.041 0.145 1027.158
169.752 147.518 -0.049 0.079 1015.615
81.901 66.679 -0.030 -0.001 1034.256
51.234 52.909 -0.056 -0.026 972.608
15.891 191.425 -0.057 0.024 933.631
169.108 173.602 -0.060 -0.026 959.568
99.096 199.645 -0.038 -0.112 959.450
130.820 89.292 -0.048 0.174 964.055
64.807 183.994 -0.049 0.095 916.416
106.533 66.574 -0.052 0.019 1043.702
50.689 40.616 -0.047 0.165 991.295
117.530 30.773 -0.055 0.004 1079.575
53.253 168.501 -0.058 0.046 972.849
91.996 58.149 -0.048 -0.014 1073.244
198.928 75.450 -0.055 -0.130 951.179
155.833 88.221 -0.062 -0.040 1018.098
184.009 47.894 -0.022 0.314 1008.690
14.599 93.271 -0.041 -0.168 1066.905
45.260 24.430 -0.053 0.151 1020.696
39.203 15.004 -0.058 0.037 973.886
45.685 119.878 -0.051 0.003 934.895
14.510 175.052 -0.069 -0.030 1020.705
94.875 73.874 -0.051 -0.109 1049.678
154.599 164.787 -0.042 -0.034 1053.135
77.420 32.813 -0.047 -0.096 1089.179
4.560 197.194 -0.062 0.257 959.160
106.277 177.880 -0.064 0.168 915.862
44.203 164.916 -0.045 -0.145 1003.556
18.936 23.198 -0.063 -0.008 1003.460
169.780 30.126 -0.023 0.031 1042.867
35.279 164.430 -0.049 0.055 1040.882
111.395 147.910 -0.037 0.095 1007.431
51.842 0.614 -0.044 -0.009 1016.845
108.427 45.462 -0.057 -0.130 968.973
2.405 190.041 -0.089 0.033 925.877
191.975 64.643 -0.037 0.149 1036.516
87.674 190.571 -0.042 0.018 1033.022
100.289 115.589 -0.035 0.057 1042.665
151.493 182.630 -0.076 0.045 1011.766
167.625 38.105 -0.054 0.144 1097.837
33.980 54.763 -0.039 -0.027 996.678
184.280 36.832 -0.043 -0.108 1004.158
96.289 118.373 -0.032 -0.110 1094.629
52.745 42.186 -0.051 -0.007 1001.086
28.926 75.011 -0.060 0.181 942.728
9.241 164.002 -0.053 0.056 966.639
135.811 195.067 -0.037 -0.125 1140.131
128.305 142.543 -0.067 -0.053 1025.518
106.980 144.830 -0.029 0.259 1067.176
1.871 75.958 -0.032 0.029 1002.411
37.075 6.809 -0.037 0.123 978.895
151.248 119.562 -0.041 -0.116 1056.048
56.442 123.629 -0.040 0.146 1046.204
170.714 139.218 -0.049 0.130 1020.847
97.145 120.982 -0.054 -0.015 995.224
179.057 197.246 -0.073 0.085 1031.214
43.208 194.522 -0.044 -0.108 940.108
166.088 74.383 -0.059 0.033 1063.239
186.809 135.847 -0.056 -0.036 999.696
76.328 29.592 -0.042 0.233 934.592
27.999 29.427 -0.044 0.117 995.623
107.921 190.787 -0.050 0.081 923.764
173.140 102.516 -0.086 0.000 904.109
161.803 110.511 -0.051 -0.124 996.324
15.049 44.811 -0.048 0.129 995.976
199.293 196.589 -0.035 -0.143 1004.856
153.908 62.959 -0.068 0.229 996.712
99.116 58.234 -0.070 0.023 1031.475
97.045 146.356 -0.053 -0.123 1070.608
29.442 12.529 -0.035 -0.091 981.616
102.454 54.965 -0.033 0.143 1111.900
79.494 165.460 -0.033 -0.089 1006.920
115.198 30.496 -0.067 -0.051 1027.952
167.417 28.053 -0.074 -0.003 1019.843
110.671 56.946 -0.031 -0.073 966.235
155.670 77.037 -0.033 -0.158 992.694
194.797 70.261 -0.043 0.029 1035.001
77.885 193.702 -0.047 -0.054 941.375
21.249 132.289 -0.066 0.016 1025.141
116.825 173.840 -0.043 -0.063 1023.133
118.239 168.950 -0.085 0.001 978.498
153.940 21.240 -0.046 -0.213 1032.116
53.935 34.100 -0.047 0.142 901.003
107.384 74.504 -0.078 0.041 1036.886
152.315 185.798 -0.046 -0.087 1002.011
62.578 116.708 -0.065 -0.065 978.045
14.700 191.151 -0.042 -0.088 1078.805
72.870 100.244 -0.034 0.003 1025.706
55.148 31.648 -0.056 0.006 1032.356
24.478 116.099 -0.053 -0.003 1008.975
12.475 195.489 -0.072 -0.133 1003.220
50.152 67.261 -0.023 -0.326 1041.557
67.876 8.824 -0.051 0.052 1022.111
4.903 101.277 -0.046 0.016 1004.195
25.408 14.076 -0.056 -0.008 1060.291
95.072 1.507 -0.043 -0.168 1029.280
156.468 27.590 -0.076 0.026 1067.969
195.267 71.858 -0.044 0.088 983.401
16.580 191.595 -0.083 0.004 971.934
51.562 42.288 -0.042 0.101 1010.227
51.618 156.881 -0.072 -0.044 1005.600
75.916 67.904 -0.052 0.098 912.931
21.092 26.735 -0.055 0.075 977.248
42.224 191.462 -0.035 0.090 1023.755
191.419 136.638 -0.071 0.126 981.360
118.045 105.163 -0.051 -0.010 1003.683
152.447 23.856 -0.060 0.030 1017.282
185.926 91.419 -0.059 0.104 946.027
80.075 69.328 -0.045 -0.102 994.054
151.776 64.020 -0.053 0.015 998.433
65.665 1.584 -0.051 -0.145 994.004
73.319 147.604 -0.051 0.020 998.002
124.089 191.755 -0.065 0.219 1027.332
161.082 199.654 -0.060 0.002 1014.429
138.799 31.327 -0.052 -0.076 1004.955
63.145 32.159 -0.053 0.041 1032.177
139.271 183.613 -0.061 0.254 935.578
133.906 144.547 -0.059 -0.114 1019.442
141.147 128.587 -0.055 -0.091 998.107
167.449 133.148 -0.036 0.005 1026.337
132.146 85.946 -0.059 -0.143 1016.206
11.987 193.042 -0.034 -0.008 1022.282
196.756 6.619 -0.062 0.096 879.566
133.162 112.887 -0.060 0.100 959.899
192.155 83.805 -0.054 0.251 1002.236
3.588 193.117 -0.050 -0.076 1069.574
156.403 151.926 -0.045 0.150 981.300
120.158 118.140 -0.058 0.003 950.104
86.139 2.884 -0.050 -0.170 998.566
60.632 43.265 -0.047 0.155 1064.114
193.891 166.304 -0.043 -0.123 963.499
24.099 29.382 -0.081 0.152 1017.403
134.776 34.844 -0.068 0.068 945.511
191.767 138.507 -0.082 0.087 983.355
93.378 47.498 -0.050 -0.006 952.049
161.654 179.585 -0.057 -0.005 948.863
131.943 45.451 -0.076 0.084 902.366
179.002 13.555 -0.027 -0.091 1034.342
64.792 39.820 -0.053 0.074 891.560
35.501 52.942 -0.040 -0.064 912.673
74.318 93.161 -0.035 -0.177 963.782
66.551 170.972 -0.063 0.154 1061.176
165.244 5.328 -0.041 0.047 1077.980
2.977 154.071 -0.047 -0.048 1027.773
184.730 74.399 -0.066 -0.108 945.484
69.771 68.737 -0.061 -0.061 1072.068
38.724 120.834 -0.057 -0.060 946.956
193.079 115.690 -0.046 -0.076 931.804
72.592 138.110 -0.062 0.030 1040.453
32.715 60.885 -0.072 0.190 1019.761
141.414 115.511 -0.027 0.249 967.641
69.539 39.919 -0.072 -0.027 988.770
78.456 110.710 -0.054 0.026 936.458
113.291 185.661 -0.061 0.286 1013.395
98.557 33.680 -0.060 -0.092 1014.054
174.441 74.619 -0.068 0.018 1064.702
15.749 13.934 -0.042 -0.067 1026.803
126.031 84.827 -0.056 -0.109 1028.388
117.789 80.879 -0.055 -0.218 932.398
133.428 186.323 -0.060 -0.162 930.221
192.541 139.414 -0.046 0.045 977.668
72.699 72.263 -0.054 -0.080 1085.034
191.453 173.530 -0.046 -0.060 957.501
72.023 105.007 -0.045 -0.112 1014.723
21.967 121.783 -0.063 0.035 1033.394
5.669 31.367 -0.051 0.167 963.840
175.834 100.342 -0.044 -0.077 995.278
76.851 163.874 -0.042 -0.088 1098.424
151.148 172.303 -0.064 -0.008 967.033
9.844 40.550 -0.039 0.075 1028.028
64.561 19.907 -0.026 0.168 1011.611
167.746 166.856 -0.042 0.135 1086.388
24.692 114.995 -0.068 0.086 1028.834
142.040 78.487 -0.061 -0.097 973.320
174.183 191.981 -0.052 -0.006 1076.504
153.885 34.835 -0.046 -0.056 926.109
163.140 139.717 -0.071 0.006 998.873
145.935 145.014 -0.040 -0.120 1036.159
38.626 3.151 -0.046 -0.012 1005.161
179.712 79.697 -0.051 -0.082 1003.690
154.222 119.239 -0.057 -0.031 998.085
96.093 187.161 -0.047 -0.010 1017.398
43.193 43.614 -0.066 -0.037 969.323
195.167 151.343 -0.101 0.057 960.836
106.441 13.078 -0.042 -0.249 980.712
46.371 88.386 -0.079 -0.013 968.232
41.110 20.140 -0.066 -0.018 1033.184
114.768 196.105 -0.051 -0.047 1019.343
195.164 56.522 -0.052 -0.072 1071.637
18.703 34.339 -0.078 -0.076 1002.300
81.988 197.503 -0.037 -0.174 1023.609
169.564 105.651 -0.060 0.030 1056.648
147.100 16.100 -0.053 0.137 922.672
199.801 102.794 -0.044 -0.226 1000.878
121.595 152.006 -0.074 0.000 969.621
191.764 62.041 -0.053 0.081 1056.579
8.932 95.574 -0.043 -0.118 1083.668
46.600 34.651 -0.066 -0.184 948.033
95.048 47.081 -0.044 -0.116 987.565
144.087 32.817 -0.054 -0.166 972.721
118.363 8.227 -0.059 0.069 1033.168
7.036 13.418 -0.058 -0.201 989.982
132.567 37.414 -0.054 -0.094 1007.858
55.831 5.507 -0.055 -0.004 999.745
6.454 120.646 -0.073 -0.183 1011.624
47.521 139.101 -0.051 0.100 1000.710
74.109 26.125 -0.076 -0.098 1010.829
24.531 175.747 -0.070 -0.059 999.593
178.031 53.858 -0.040 -0.162 966.733
149.877 21.122 -0.062 0.043 1016.734
1.201 159.879 -0.051 -0.021 1011.756
3.709 173.089 -0.057 0.074 995.937
10.423 177.258 -0.058 -0.057 977.177
50.339 161.440 -0.038 -0.119 1045.232
108.074 102.198 -0.044 0.004 1030.477
9.230 78.032 -0.038 -0.028 1003.716
71.725 87.352 -0.045 -0.149 1018.413
67.847 110.354 -0.041 -0.015 979.556
85.541 82.831 -0.067 0.180 1064.348
147.034 150.840 -0.053 -0.134 989.046
1.567 149.242 -0.047 0.106 913.608
107.118 65.192 -0.064 -0.020 1032.303
23.556 108.073 -0.056 0.084 1039.335
137.057 38.909 -0.031 -0.019 1046.656
140.898 192.944 -0.049 -0.051 1031.011
191.618 93.090 -0.069 0.111 944.367
122.886 179.429 -0.053 -0.029 1019.262
28.300 11.240 -0.062 -0.175 1035.187
138.697 75.594 -0.051 -0.025 1020.201
99.290 34.625 -0.057 0.066 828.680
190.752 2.093 -0.055 0.058 945.360
195.286 176.143 -0.030 -0.298 1044.441
170.506 83.642 -0.064 0.058 1023.683
34.406 174.075 -0.053 -0.129 1023.424
16.566 93.728 -0.061 0.105 978.553
54.993 142.585 -0.061 0.033 956.508
155.509 188.571 -0.041 0.084 1047.027
159.558 3.826 -0.073 -0.059 969.311
150.951 33.310 -0.051 0.201 930.644
78.102 141.445 -0.083 0.152 987.874
168.684 47.814 -0.067 0.109 996.013
183.940 15.169 -0.041 0.227 1078.453
147.864 113.156 -0.051 0.205 979.545
179.940 196.268 -0.052 0.143 1008.427
56.721 116.983 -0.050 0.185 992.530
61.196 198.665 -0.049 0.042 1009.771
83.488 15.243 -0.034 -0.054 1073.788
175.197 72.010 -0.078 -0.010 972.154
176.587 160.830 -0.079 -0.001 1063.183
67.626 166.695 -0.059 0.006 996.448
107.565 165.630 -0.055 -0.100 1011.175
150.524 102.931 -0.036 0.133 998.110
31.253 158.581 -0.051 0.001 1043.726
57.673 118.677 -0.053 -0.009 1001.666
143.187 123.181 -0.064 0.060 965.157
101.055 118.455 -0.040 -0.109 1053.283
179.038 105.067 -0.047 0.003 856.025
55.720 150.330 -0.046 -0.058 930.279
94.749 53.135 -0.052 -0.181 948.697
53.005 43.788 -0.079 0.006 936.846
80.622 108.244 -0.053 -0.022 1007.486
138.730 42.697 -0.026 0.311 930.048
7.834 189.822 -0.033 -0.257 978.326
132.473 70.041 -0.080 0.113 931.732
146.911 127.570 -0.041 0.195 1001.109
150.654 6.564 -0.062 -0.003 986.254
133.025 6.179 -0.059 0.077 1029.758
93.594 27.968 -0.060 -0.157 1043.410
188.152 102.773 -0.029 0.194 968.412
18.861 85.020 -0.053 0.058 1060.484
192.980 144.921 -0.090 0.013 965.101
183.508 76.943 -0.088 0.107 938.698
115.448 47.460 -0.053 0.231 1104.712
183.777 46.753 -0.074 -0.008 1012.831
111.990 87.099 -0.045 -0.246 994.096
60.343 17.909 -0.058 0.012 970.495
138.101 31.592 -0.038 0.112 1001.772
81.128 45.679 -0.043 -0.019 975.575
141.762 72.361 -0.080 0.098 1069.248
190.416 109.902 -0.068 -0.187 930.557
167.398 196.208 -0.052 0.074 1054.834
51.716 19.721 -0.050 -0.008 1128.821
121.174 43.387 -0.061 0.028 987.764
111.766 27.848 -0.046 0.169 1010.167
41.095 115.947 -0.066 0.025 1129.174
118.395 23.818 -0.050 -0.006 951.643
169.314 125.655 -0.072 -0.004 984.428
48.668 84.583 -0.059 -0.049 953.892
32.594 0.598 -0.049 0.084 1043.421
146.683 104.849 -0.060 -0.025 1020.136
180.160 163.655 -0.064 -0.118 1047.343
17.949 136.172 -0.071 0.009 925.855
158.817 19.454 -0.059 0.077 1109.139
177.609 112.025 -0.073 -0.131 1015.039
196.723 124.135 -0.049 0.221 1062.485
188.061 29.254 -0.051 0.048 1032.959
149.170 102.695 -0.054 -0.037 1063.755
29.113 103.637 -0.034 0.151 1032.591
36.363 41.804 -0.083 0.019 995.328
181.991 69.906 -0.054 -0.041 1023.709
143.711 114.763 -0.059 -0.013 1069.168
133.085 124.039 -0.048 -0.048 976.709
170.278 100.168 -0.047 -0.129 1129.588
152.744 43.413 -0.086 0.103 1024.868
128.759 175.612 -0.066 -0.012 1042.761
1.515 150.478 -0.069 0.181 1042.610
179.846 153.881 -0.065 -0.009 1015.389
142.684 53.999 -0.040 -0.131 1003.232
180.732 77.470 -0.062 0.078 1031.497
132.782 26.125 -0.056 -0.038 1015.729
166.689 150.697 -0.062 0.042 1041.428
163.768 164.415 -0.046 -0.083 985.923
75.436 194.465 -0.065 -0.147 1021.154
44.404 55.800 -0.043 -0.168 1059.655
49.577 80.957 -0.058 0.032 973.107
64.852 184.582 -0.080 0.078 992.122
2.111 35.766 -0.068 -0.057 1054.543
47.865 156.012 -0.088 0.017 940.800
145.840 87.751 -0.059 0.008 1054.085
91.639 56.892 -0.042 -0.043 962.666
93.427 150.277 -0.056 0.008 1053.083
11.244 20.065 -0.044 -0.214 986.706
94.515 191.739 -0.079 0.026 1005.159
159.471 69.799 -0.062 -0.175 987.800
32.362 84.100 -0.058 0.143 1004.162
70.339 164.066 -0.087 0.110 976.505
151.748 8.672 -0.053 0.183 1031.011
173.169 4.750 -0.053 -0.010 988.813
187.406 53.331 -0.055 -0.068 1000.071
83.992 174.788 -0.047 0.258 952.870
137.193 146.332 -0.076 0.043 991.499
126.444 112.674 -0.053 0.004 967.452
117.205 175.036 -0.063 -0.158 937.916
105.879 65.434 -0.071 0.113 1009.730
162.768 120.911 -0.071 0.003 985.117
66.913 29.221 -0.064 -0.053 935.856
165.460 38.282 -0.076 -0.024 1065.076
188.437 111.265 -0.071 0.073 1077.492
165.603 25.404 -0.049 -0.075 1006.037
148.935 160.686 -0.044 0.146 954.767
91.801 177.484 -0.058 -0.143 988.228
118.219 125.336 -0.059 0.021 983.072
36.135 77.801 -0.099 0.068 1053.595
9.508 194.471 -0.062 0.070 1059.241
191.859 77.788 -0.074 -0.142 1038.384
6.012 11.055 -0.051 -0.158 996.668
64.685 8.360 -0.042 0.087 1126.961
6.569 73.141 -0.061 -0.159 961.637
84.015 190.560 -0.054 -0.032 1062.384
10.950 83.383 -0.045 0.111 984.669
75.008 121.754 -0.055 -0.238 988.555
193.454 174.892 -0.057 0.129 951.677
30.525 91.898 -0.088 -0.001 1019.756
98.531 149.700 -0.050 0.007 1025.687
38.699 76.382 -0.073 0.136 957.126
72.343 29.349 -0.069 -0.001 990.874
1.556 42.096 -0.042 -0.267 953.603
65.542 36.552 -0.071 -0.003 1006.623
185.781 42.536 -0.075 0.062 1045.602
146.886 128.629 -0.048 -0.048 1110.749
12.102 36.825 -0.065 0.075 964.375
118.679 35.954 -0.054 0.156 1006.775
22.736 25.072 -0.034 0.175 998.979
128.322 184.959 -0.074 0.128 1064.877
96.722 40.371 -0.050 0.054 951.210
151.961 146.383 -0.079 -0.075 1015.553
120.254 24.511 -0.060 0.015 1066.828
92.624 94.345 -0.054 -0.012 1017.925
21.172 196.694 -0.052 0.048 1027.045
26.003 35.322 -0.048 -0.088 957.053
189.496 82.768 -0.054 -0.132 994.728
67.236 97.729 -0.050 -0.075 1009.905
196.264 42.621 -0.069 0.148 1050.666
76.495 177.919 -0.060 -0.064 1016.774
95.498 36.011 -0.052 0.151 1010.426
140.919 91.243 -0.057 -0.112 930.064
37.963 167.844 -0.052 0.054 969.074
58.219 27.376 -0.070 -0.041 1016.860
168.296 1.882 -0.046 -0.065 1006.284
166.033 93.550 -0.073 0.260 1028.310
133.797 119.972 -0.059 0.053 967.446
135.829 140.587 -0.066 -0.382 874.751
93.354 172.550 -0.049 -0.115 1045.076
48.877 193.013 -0.053 -0.097 859.859
22.348 123.624 -0.068 0.101 925.344
7.541 98.063 -0.038 -0.060 1055.819
93.156 124.687 -0.068 0.013 1019.240
13.683 63.344 -0.049 -0.298 1002.026
48.217 150.282 -0.051 -0.040 978.546
82.524 37.501 -0.071 0.018 949.054
73.277 146.575 -0.052 -0.058 996.324
36.466 37.651 -0.075 -0.074 924.012
105.546 159.964 -0.048 -0.184 1025.563
120.249 198.015 -0.070 -0.071 992.338
119.277 35.988 -0.095 0.261 862.547
149.556 199.776 -0.068 -0.073 989.923
163.776 12.852 -0.091 -0.177 998.507
3.137 113.486 -0.064 0.000 1081.253
3.880 95.383 -0.076 -0.201 906.652
10.236 46.835 -0.057 -0.078 929.105
155.502 139.923 -0.076 -0.034 961.129
157.909 74.551 -0.070 -0.106 1000.057
129.536 45.522 -0.073 0.018 1050.533
128.117 1.801 -0.060 -0.012 957.631
184.938 150.338 -0.060 0.228 1044.632
93.209 158.975 -0.055 -0.160 1001.195
171.633 16.731 -0.066 0.022 1054.764
169.344 126.330 -0.063 -0.007 971.057
63.702 71.036 -0.042 0.245 1001.200
193.761 120.265 -0.052 0.042 1042.545
194.548 60.740 -0.075 -0.006 1021.009
63.303 5.895 -0.060 0.025 997.088
10.077 2.586 -0.050 0.140 1051.871
21.435 165.753 -0.054 -0.087 951.168
139.866 112.470 -0.031 0.197 1032.220
127.570 156.120 -0.066 0.004 931.289
129.849 181.132 -0.063 -0.035 1004.313
94.061 23.730 -0.066 -0.077 1038.640
163.149 33.880 -0.050 0.031 1036.755
115.774 147.925 -0.058 0.141 910.039
76.535 154.055 -0.044 0.119 1062.980
197.799 42.965 -0.056 0.047 1002.006
121.788 188.760 -0.078 0.038 952.099
185.433 19.826 -0.045 -0.054 1031.525
151.272 150.325 -0.059 0.116 1008.880
194.328 147.866 -0.070 -0.060 1002.083
141.602 32.009 -0.060 0.075 976.412
163.092 83.169 -0.053 -0.109 1024.697
77.280 127.180 -0.053 -0.030 1069.011
88.499 184.033 -0.047 -0.035 930.539
141.899 177.450 -0.063 -0.004 1017.996
193.962 67.196 -0.047 -0.119 969.035
175.624 169.498 -0.042 0.181 958.442
122.198 125.478 -0.051 0.075 979.625
0.186 140.346 -0.039 -0.034 1034.831
20.346 148.096 -0.060 -0.104 1012.871
84.882 192.890 -0.082 -0.101 1039.331
20.065 177.078 -0.076 0.110 916.489
22.943 131.327 -0.082 0.045 911.564
134.978 103.239 -0.038 0.042 1002.119
75.044 121.145 -0.068 -0.163 944.113
59.938 12.710 -0.090 -0.008 953.289
139.267 87.059 -0.055 0.250 938.962
188.889 22.606 -0.044 -0.025 989.766
190.458 170.257 -0.069 -0.114 930.348
82.209 165.241 -0.048 -0.091 989.366
105.187 165.380 -0.067 0.157 991.705
3.756 144.018 -0.051 -0.129 935.447
59.495 102.860 -0.030 -0.331 995.899
37.783 164.196 -0.043 0.210 1064.355
81.962 107.617 -0.076 -0.003 945.324
109.388 126.574 -0.070 0.002 967.537
106.161 68.386 -0.056 -0.092 954.964
60.159 63.724 -0.052 -0.043 1112.613
49.995 43.449 -0.060 0.089 1025.529
134.200 75.641 -0.064 -0.007 983.398
58.294 164.288 -0.060 0.082 980.623
92.933 115.096 -0.066 0.263 1010.844
157.102 126.891 -0.051 -0.039 959.357
171.787 194.814 -0.057 0.194 1006.644
26.930 128.136 -0.084 -0.102 957.407
198.280 156.020 -0.056 -0.228 974.465
18.473 118.992 -0.078 0.067 1001.672
159.240 20.833 -0.066 0.108 1019.265
21.799 156.329 -0.084 -0.000 1019.430
98.786 100.016 -0.051 0.068 975.756
52.867 152.135 -0.053 -0.109 922.254
46.399 181.346 -0.060 0.130 1058.948
46.495 47.002 -0.074 -0.222 968.214
44.835 70.923 -0.070 -0.040 1020.525
177.015 176.974 -0.048 0.141 1001.394
199.320 150.861 -0.056 0.145 930.629
62.083 110.837 -0.069 0.102 1001.194
115.875 96.942 -0.064 0.192 934.754
37.087 39.477 -0.055 0.081 1096.336
94.518 105.085 -0.074 0.053 954.041
26.943 128.292 -0.065 0.028 1038.320
45.848 155.626 -0.050 -0.128 1010.068
175.747 80.382 -0.076 0.013 1000.269
169.607 124.564 -0.047 0.251 969.648
38.318 114.620 -0.058 -0.238 975.232
189.579 199.981 -0.073 0.038 910.238
130.928 98.725 -0.071 -0.002 945.333
118.684 70.957 -0.056 0.158 945.078
160.350 160.396 -0.062 -0.029 979.906
67.529 151.456 -0.059 0.212 1030.279
145.429 100.883 -0.070 0.008 1008.878
51.277 197.440 -0.082 0.011 981.904
66.315 53.030 -0.061 -0.010 1045.786
88.522 178.015 -0.083 -0.129 999.090
8.943 27.125 -0.094 -0.066 947.103
51.656 70.197 -0.083 0.078 948.664
92.116 74.930 -0.087 0.051 953.033
92.115 74.924 -0.093 0.019 953.033
92.134 74.882 -0.055 -0.064 953.033
92.120 74.792 -0.083 -0.244 953.033
92.129 74.979 -0.065 0.130 953.033
92.136 74.799 -0.050 -0.230 953.033
92.130 74.958 -0.064 0.087 953.033
92.130 74.981 -0.064 0.133 953.033
92.133 75.007 -0.057 0.185 953.033
92.131 74.931 -0.062 0.034 953.033
92.133 74.979 -0.058 0.129 953.033
92.131 75.021 -0.060 0.213 953.033
92.129 74.857 -0.066 -0.114 953.033
92.135 74.880 -0.052 -0.069 953.033
92.125 74.801 -0.072 -0.226 953.033
92.141 74.816 -0.040 -0.197 953.033
92.122 74.930 -0.080 0.032 953.033
92.129 74.911 -0.064 -0.007 953.033
92.123 74.824 -0.077 -0.181 953.033
92.121 74.915 -0.080 0.001 953.033
92.126 74.986 -0.072 0.143 953.033
92.125 75.007 -0.073 0.185 953.033
92.110 74.974 -0.102 0.120 953.033
92.137 74.882 -0.048 -0.064 953.033
92.115 74.918 -0.093 0.008 953.033
92.146 74.740 -0.032 -0.348 953.033
92.122 74.945 -0.078 0.062 953.033
92.129 74.905 -0.066 -0.018 953.033
92.133 74.828 -0.057 -0.172 953.033
92.128 74.969 -0.067 0.110 953.033
92.114 74.920 -0.095 0.012 953.033
92.138 74.993 -0.047 0.158 953.033
92.120 74.873 -0.082 -0.082 953.033
92.129 74.881 -0.065 -0.065 953.033
92.129 74.948 -0.065 0.068 953.033
92.130 74.777 -0.063 -0.274 953.033
92.129 74.877 -0.064 -0.075 953.033
92.128 74.904 -0.067 -0.021 953.033
